101.609 197.456 108.623
86.4068 67.6411 114.593
118.331 114.332 181.233
72.8986 138.715 133.558
108.992 204.483 117.688
119.527 180.989 126.361
119.613 154.685 152.685
119.815 131.555 156.803
123.364 110.829 147.781
119.53 98.5395 127.58
122.307 67.686 137.178
82.8536 156.284 128.438
80.3788 166.95 115.805
76.2213 172.961 129.245
89.6821 172.619 149.994
116.548 172.286 158.371
89.4265 140.76 117.72
90.3339 153.758 116.189
91.5342 63.9469 134.556
111.931 59.1189 147.608
89.9477 96.6427 104.958
116.664 73.5055 115.759
99.7168 130.198 95.3941
98.7174 177.102 102.716
82.1512 83.8683 148.774
71.476 109.868 146.596
104.202 88.8049 169.711
84.9973 123.628 167.758
86.4156 138.724 163.693
120.91 92.7349 158.413
120.842 178.367 102.208
114.159 150.858 110.64
79.0634 127.462 127.485
68.1977 139.356 114.46
86.3284 153.39 101.595
70.4044 111.01 133.469
70.8112 110.99 100.812
62.2341 117.299 110.614
88.2973 170.019 122.359
83.8943 166.325 129.869
87.2307 114.564 133.842
108.442 49.3286 118.789
86.5043 152.173 86.9785
112.322 78.3738 125.864
91.6344 125.478 160.574
113.294 111.109 159.702
95.9361 166.06 113.637
86.6283 135.818 114.878
93.449 150.873 130.096
83.8753 122.931 101.682
100.619 68.801 113.249
89.4487 166.964 140.705
99.8535 190.649 135.812
106.109 165.716 159.558
77.3981 97.5146 139.414
96.4646 91.8964 155.452
97.0366 64.533 129.327
102.599 67.767 145.172
83.8662 80.4737 124.454
79.9661 97.0696 107.913
98.9868 95.8493 110.956
82.9977 182.317 115.673
112.711 162.836 103.575
100.059 179.331 106.243
111.512 84.7786 140.823
121.658 126.809 138.083
85.8604 114.94 160
86.6458 151.167 147.52
100.669 137.972 169.004
119.039 181.316 110.297
116.611 100.166 150.406
68.6605 115.115 107.061
74.6834 106.492 122.568
75.1141 125.06 122.69
105.303 84.7583 90.1808
-nan -nan -nan
111.688 153.363 127.227
100.577 145.668 118.908
105.131 139.812 118.743
99.7007 124.694 107.596
100.749 139.769 103.795
116.111 157.49 113.689
-nan -nan -nan
142.831 153.444 126.761
154.096 145.959 117.841
148.668 139.575 118.239
154.596 124.296 107.546
153.865 140.218 102.784
136.459 156.401 112.881
150.213 200.35 109.703
168.677 68.4419 114.136
133.837 109.155 179.539
182.121 137.586 131.604
144.611 204.955 121.188
134.589 182.386 125.299
133.944 155.131 153.533
133.814 132.341 157.171
129.88 110.388 146.724
135.186 98.5139 127.931
132.31 69.495 138.275
176.175 156.645 128.487
173.581 175.331 109.696
175.115 169.409 120.33
165.597 172.484 148.741
136.763 167.287 161.16
166.028 141.542 116.59
164.703 154.822 115.855
167.681 67.1441 134.293
144.157 60.8878 148.504
162.125 95.0023 104.049
137.844 77.0519 117.45
152.658 134.583 92.7775
156.366 179.586 104.416
173.817 90.545 153.738
184.128 115.711 145.097
148.578 85.171 170.341
169.247 122.294 166.553
167.267 135.016 164.348
132.395 89.5827 157.228
132.845 178.8 100.862
133.176 155.178 110.968
176.688 130.273 124.009
187.547 136.65 115.502
165.388 151.655 103.154
186.16 116.836 131.309
181.562 107.93 99.7673
189.859 117.522 109.56
165.747 172.389 117.566
167.966 164.008 126.653
167.478 120.017 132.934
144.946 50.9304 121.787
166.177 154.249 85.6009
142.555 82.2793 126.743
162.545 124.886 159.292
138.933 109.254 160.051
159.546 166.242 112.62
169.097 136.809 112.843
162.049 151.367 128.177
168.55 124.25 97.9269
153.656 70.1419 115.891
169.859 170.599 137.399
157.018 186.239 135.649
149.555 171.515 156.538
174.5 105.457 152.841
157.27 89.1705 159.213
159.253 66.2457 130.32
155.217 68.0945 143.109
171.794 81.883 125.797
173.632 94.3305 107.791
156.861 100.846 109.294
169.477 182.942 118.558
140.44 163.941 104.024
152.275 180.083 105.699
144.356 84.7596 141.572
131.466 136.967 137.72
163.136 113.056 160.723
168.021 152.087 146.673
152.377 132.544 169.023
134.639 181.787 106.985
134.778 99.9055 151.198
183.093 111.295 106.65
179.925 105.989 126.052
182.234 126.977 124.529
147.499 83.1885 88.7284
