105.782 194.596 107.712
98.3049 66.1675 117
118.614 121.472 181.035
71.4046 137.935 131.539
113.339 200.664 116.405
119.894 179.445 125.639
119.54 158.805 153.1
121.085 137.664 159.75
123.803 116.171 155.073
121.834 103.336 132.615
123.032 79.3992 147.522
80.2237 156.944 129.523
82.3868 166.616 111.096
81.5324 172.37 126.021
93.9894 177.224 146.457
117.714 170.722 157.98
90.8662 137.024 117.878
90.6392 150.444 116.185
96.8645 65.4228 137.038
116.715 69.0159 156.919
95.7375 90.4187 109.067
121.946 75.8416 123.156
103.243 124.296 100.294
98.4159 171.243 103.384
85.563 85.4589 153.021
74.0531 114.552 150.057
102.541 95.9116 171.91
85.0988 129.481 168.16
85.9573 142.855 161.679
120.249 99.1137 164.306
121.377 171.256 101.319
114.651 146.863 113.151
81.4599 127.431 125.018
69.5263 130.758 117.272
86.4463 145.882 102.863
70.7034 113.498 137.447
76.9786 104.026 104.14
68.2639 111.053 111.429
87.7421 169.801 118.796
84.2651 163.153 131.684
87.0212 116.489 139.653
118.361 56.17 134.012
89.0342 141.737 88.7827
115.335 81.9851 133.344
90.8065 131.645 160.494
114.908 117.02 165.317
96.4748 161.442 112.554
86.606 130.94 114.898
91.6247 149.771 130.087
85.434 117.108 101.93
111.323 68.3577 123.292
92.9567 171.215 135.793
101.996 186.605 134.573
104.586 170.462 157.956
75.3333 102.339 149.315
95.8946 97.0154 158.245
103.494 63.92 135.641
103.967 74.3369 144.954
84.155 77.7615 127.585
82.5338 88.2498 111.168
101.867 95.5976 114.794
88.0091 178.553 113.603
113.183 157.802 103.14
103.115 175.653 106.319
111.676 90.9956 147.734
122.045 128.472 141.966
90.8218 118.401 162.505
84.6399 152.927 147.626
99.3934 141.999 164.367
118.646 175.145 108.926
118.011 106.203 156.15
76.0495 106.627 108.943
76.632 104.635 126.55
75.6624 122.145 125.104
106.758 84.7579 95.3901
-nan -nan -nan
109.479 151.974 129.648
102.024 142.235 124.136
105.884 136.922 122.493
99.5556 119.884 109.966
100.948 133.112 106.789
115.063 153.699 115.175
-nan -nan -nan
141.884 155.121 128.49
152.453 146.866 121.033
148 140.655 122.198
153.587 121.234 113.818
152.162 134.994 108.228
135.656 153.994 114.856
147.152 194.102 105.441
169.04 75.7985 123.154
132.229 125.822 181.728
181.069 140.185 136.3
143.587 201.227 118.708
133.861 179.893 122.105
132.836 163.496 149.536
132.26 141.519 159.336
129.369 117.951 154.66
133.645 103.633 134.473
135.483 82.6383 155.931
175.098 159.697 127.738
171.291 173.472 113.846
174.362 177.736 126.129
161.06 180.47 144.742
136.148 177.005 152.902
163.682 141.893 118.677
162.77 153.301 115.483
169.633 78.4764 141.526
150.436 76.39 159.554
163.395 93.99 111.879
137.562 84.0849 128.324
149.692 124.287 102.589
154.073 173.301 103.341
175.72 98.5066 155.675
178.7 123.663 157.38
149.682 101.203 176.144
165.525 137.317 169.165
166.712 149.814 161.473
132.897 101.018 167.52
131.42 171.69 100.767
131.034 151.771 112.798
174.486 135.873 126.405
183.552 142.905 114.777
163.223 146.026 105.047
183.735 124.482 142.225
180.82 111.692 106.184
187.901 121.506 115.251
166.562 174.286 120.064
169.941 168.248 128.718
165.95 125.929 141.178
145.543 62.0839 134.618
161.79 142.156 89.2896
142.627 88.5813 137.612
160.03 137.213 161.411
136.903 120.762 166.214
156.557 161.986 111.959
166.789 135.126 116.575
161.807 154.447 128.292
169.706 117.581 103.435
156.007 77.2704 128.143
160.632 173.012 139.224
153.328 188.585 140.448
147.106 171.198 157.122
177.912 111.188 151.273
159.977 104.69 162.552
160.417 74.0512 140.262
156.1 81.2025 149.432
176.492 92.0585 126.15
172.275 98.6546 115.992
154.725 100.821 117.533
162.483 184.053 117.761
138.345 158.501 104.095
151.969 174.356 106.493
145.298 95.7592 151.999
130.5 140.97 137.732
159.34 124.915 168.906
167.935 157.919 143.974
152.324 147.351 163.428
133.875 176.588 106.427
134.272 109.3 158.612
182.532 114.624 114.02
177.625 113.574 129.529
177.127 130.673 128.616
147.612 84.9237 98.9673
