104.444 198.506 108.575
91.0566 72.3381 126.915
119.138 128.931 181.218
 75.439 138.556 133.889
112.267 204.385 113.087
120.507 181.025 124.585
120.196 163.061 150.915
120.298 139.383 157.098
123.862 117.822 154.981
 121.13 103.776 136.348
123.731 76.6384 152.188
82.1364 156.538 126.436
 85.607 177.801 111.989
82.1642 174.663 120.865
95.3562 178.832 144.983
118.624  175.35 155.979
93.7575 142.304 119.795
95.5955 155.599 116.276
93.1738 72.5645 145.793
114.715 72.1981 162.101
92.7302 97.7472  116.27
114.973 80.4485 129.266
105.575 130.039 105.048
102.775 177.545 102.817
88.2011 90.1563 161.501
76.1978 117.128 152.683
105.277 103.701 178.152
87.3055 131.426 167.288
88.0862 150.623 160.289
121.236 102.091 167.985
122.406 180.103 101.125
116.138 152.645 112.928
84.0566 129.754 130.908
73.7109 137.313 117.777
90.0612  151.19 105.112
73.4582 113.898 140.088
78.1204 107.733 112.766
 70.694  116.41 118.575
90.4726 177.284 116.253
85.5534  165.66 126.656
90.7595 118.236 141.997
113.547 57.1839 136.422
 94.163 144.955 91.5154
111.979 85.2355 138.603
95.9546 137.131 163.987
116.302 122.128 163.271
100.958 166.764 114.161
90.4306 136.332 117.762
95.8473 153.192 129.929
90.8129  122.11 106.381
102.161 75.1375 130.941
89.0026 175.107 133.039
 101.14 191.142 132.432
106.345 173.949 152.838
79.0444 102.011 157.639
 98.704 101.986 164.005
 100.98 69.1442 143.728
105.733 81.9265 153.822
88.6662 86.2819  135.36
 84.059 97.6077 119.934
 98.211 104.173 121.812
90.4469 189.297 112.051
 114.41 166.067 106.127
104.113 179.839 105.587
115.145 94.2279 151.923
123.174 130.876 144.211
92.3286 123.845 161.837
 86.581 155.741  141.69
100.647  151.34 161.406
120.844 183.762 108.296
120.243 109.198 160.554
78.2528  106.78 119.538
78.3067 110.186 131.969
83.2834 123.918 127.695
 106.64 83.0837 102.745
   -nan    -nan    -nan
113.256 155.692 128.853
104.689 145.628 124.564
108.618 141.227 122.783
102.403 125.142 115.088
103.329 138.748 109.027
117.945 158.048 116.402
   -nan    -nan    -nan
 138.41 156.234 128.809
149.827 147.752 122.727
145.367 141.827 123.179
151.277  122.76 117.903
150.879 137.743 109.492
134.541 157.726 116.585
 147.03 199.564 106.051
163.612 75.0189 125.043
131.683 123.935 178.593
177.172 140.714 133.245
142.945 203.573 116.823
132.503 181.935 124.932
132.343  159.94 152.326
132.764 140.123 158.163
129.399 115.585 153.911
132.418 103.251 136.348
132.956 81.5466 151.217
170.593 160.691 126.379
170.088 179.325 112.927
171.535 179.482 122.723
157.504 179.999  144.14
135.087 173.513 156.842
157.121 145.503 117.889
159.295 156.023  117.35
168.414 77.8499 141.577
143.779 78.2048 165.809
158.395 95.4258 117.267
138.227 82.9152 129.015
149.921 129.053 105.203
153.159  178.21 103.893
175.197 96.8853 157.739
178.463 124.008 152.117
147.042 102.964 180.052
164.123 132.723 165.255
 163.87 145.058 162.345
132.494 101.074 168.299
132.757 177.646 99.5861
132.095 155.716 112.364
170.215 134.667 130.069
181.041 140.119  118.75
163.407 150.131 106.496
181.133 122.508 141.476
176.682 113.275 110.219
185.167 118.828 120.516
162.225 178.451 119.055
165.833 170.479 123.443
161.608 123.852 141.313
149.816 64.6035 142.706
159.692 147.388 92.4422
142.138 90.0843 137.336
158.475 135.393 159.253
138.145 118.465 163.917
153.726 165.439 114.131
162.907 136.594  118.47
157.288 155.921 128.268
164.518 122.998 105.467
151.188 75.6393 130.361
162.668 176.868 134.332
151.999 190.107 134.717
148.858 166.878 159.197
178.622 111.979 155.801
 159.32 99.6841  165.34
160.214 76.5434 139.875
152.199 84.7368 155.822
170.772 87.9331 130.973
170.404 97.1683 118.314
155.504  102.95 122.489
163.846   190.8  117.34
139.517 168.295 105.685
150.136  179.57 106.148
141.452 95.1033 152.857
129.939 129.383 143.056
160.062 122.175 165.113
167.291 157.321 140.287
153.605 147.327 163.093
132.227 177.646 105.251
134.195 108.333 158.925
 179.24 110.253 120.568
174.227 110.736 134.279
172.753 129.225 129.694
 147.71 83.4481 102.815