105.177 194.988 111.279
84.2468 76.4067 119.531
118.693 110.309 180.373
74.086 132.209 136.118
110.052 202.428 118.925
120.726 178.239 127.351
119.569 153.773 151.034
119.989 131.367 159.143
122.834 109.92 150.949
117.795 103.148 132.614
120.317 74.2757 146.401
82.2677 150.387 129.314
84.4663 165.503 112.202
84.2163 168.23 127.01
93.0443 169.406 149.871
115.09 169.7 156.957
91.7134 138.67 117.75
92.989 150.674 116.559
87.9166 72.8614 135.996
108.865 67.634 152.62
86.8511 92.0588 107.509
115.215 83.0906 123.83
102.865 126.978 100.676
99.6168 174.493 104.87
75.1124 85.7113 150.994
71.2989 111.752 151.52
101.088 89.7126 171.156
83.8387 118.431 170.94
89.0673 131.901 166.964
118.715 93.911 161.5
120.142 178.149 103.867
116.214 151.06 111.264
78.3237 125.96 127.485
69.1636 138.405 114.421
89.3199 148.395 99.8774
69.3716 113.704 135.961
73.979 114.45 101.125
67.4036 114.285 111.251
92.4915 167.471 120.149
89.0627 160.222 129.251
86.6119 111.962 137.803
108.886 59.101 126.591
90.2953 145.903 86.1992
107.021 85.705 132.29
92.6575 120.829 162.068
112.718 110.76 162.772
98.9788 161.433 113.378
88.7342 131.707 116.292
94.8798 146.973 131.063
86.4411 121.915 97.3653
100.265 75.123 117.833
92.6656 165.855 137.47
104.777 184.444 134.817
105.368 160.476 156.949
74.7534 99.2466 151.365
90.4856 91.9486 157.054
95.4356 71.151 131.71
98.2592 76.2602 146.786
85.4423 91.4903 127.928
83.0157 99.0287 112.7
97.8551 101.625 112.955
91.5261 177.565 117.536
113.326 163.478 103.745
103.087 175.955 108.142
105.644 88.7235 148.2
122.447 126.664 139.938
88.6358 110.773 162.446
86.2032 141.886 146.839
100.691 132.763 169.522
119.092 180.179 111.217
116.792 102.434 155.632
75.1001 108.696 111.369
71.1103 109.371 124.695
75.2397 121.994 122.267
105.462 91.1602 95.6073
-nan -nan -nan
112.9 152.274 128.333
101.747 143.041 120.888
106.407 140.429 119.173
99.8824 124.208 109.482
101.6 139.045 104.832
117.241 157.678 112.637
-nan -nan -nan
143.292 154.201 127.504
154.37 146.169 118.795
148.6 142.401 118.271
155.831 127.84 106.295
153.58 143.131 101.964
137.521 159.618 112.474
148.009 197.62 112.709
172.024 81.993 115.484
137.813 113.634 182.619
182.233 134.844 131.678
141.782 203.572 124.424
135.132 180.657 128.156
135.536 157.06 150.628
135.371 131.808 157.413
132.021 112.378 150.863
139.202 106.312 129.289
134.111 80.6629 145.644
175.23 156.078 127.227
172.539 167.441 114.968
170.24 173.387 129.877
160.033 175.048 145.475
137.938 167.14 159.363
165.161 142.561 115.928
163.534 153.885 112.887
176.127 84.4179 133.159
145.744 73.1421 153.412
165.732 102.292 103.344
138.014 89.2361 122.384
151.059 129.735 97.075
154.373 176.207 103.936
183.343 99.0022 148.449
184.98 118.782 151.745
155.9 91.2412 168.875
170.851 123.571 166.901
167.837 139.196 161.12
137.329 95.3237 161.828
131.176 178.575 103.629
134.033 155.45 111.928
176.974 134.5 121.656
186.491 142.195 111.709
169.433 151.958 100.356
187.335 125.069 133.524
178.819 119.758 97.4125
189.161 120.722 109.088
164.764 169.469 123.845
167.825 163.247 128.988
169.28 122.772 135.201
146.588 65.4295 127.725
163.42 151.188 83.3409
147.458 91.9765 130.318
163.335 125.996 158.68
143.077 112.501 162.948
158.263 165.411 111.327
167.996 136.777 112.694
162.401 152.254 126.377
167.559 127.96 90.6032
155.031 80.4975 117.778
161.04 169.767 137.671
149.746 187.381 135.568
147.956 166.326 153.63
179.775 106.056 156.096
164.655 96.4342 157.161
163.118 81.5667 131.588
158.483 80.7571 143.433
172.963 96.1531 121.173
172.787 107.962 106.32
155.308 102.85 111.09
165.912 177.778 118.467
140.721 162.184 105.698
150.82 177.927 106.779
149.94 94.7307 145.798
133.468 128.5 138.031
163.398 114.042 163.756
169.456 151.03 140.014
156.098 140.59 164.517
132.352 184.791 109.494
136.382 105.977 156.104
181.659 118.92 104.164
180.257 116.8 123.912
181.701 131.492 122.592
148.88 91.7574 94.7419
