103.101 199.704 113.439
88.1632 69.3583 111.162
117.072 110.832 179.994
74.1662 130.958 137.179
111.164 206.713 120.931
120.709 179.755 128.157
120.898 152.576 151.351
120.808 131.246 158.817
124.143 106.575 149.752
119.566 98.6841 128.412
122.01 71.3041 137.514
76.9962 153.045 127.293
84.188 170.095 110.069
77.2299 171.702 125.146
93.1898 175.517 152.208
118.241 165.557 161.044
91.1079 135.649 119.587
92.0824 151.706 115.374
89.4168 65.3835 133.404
111.04 62.0778 144.729
94.987 95.1429 103.863
117.962 76.0371 116.303
104.046 125.406 96.3096
97.8315 177.679 104.851
84.818 80.3449 155.311
72.1873 107.745 148.008
107.841 86.3968 171.135
79.8549 120.636 165.77
84.4444 135.688 166.109
122.776 89.7939 156.825
122.858 177.602 101.474
118.978 148.985 111.014
78.979 124.478 128.198
72.7393 140.114 113.004
91.0776 149.881 101.695
69.283 109.533 134.719
77.3876 109.291 99.1
68.328 112.492 109.61
89.3953 169.478 118.158
81.5325 167.01 128.912
85.8441 111.318 136.87
110.294 54.0177 118.361
91.3268 149.6 87.3317
114.208 78.467 125.449
89.4578 124.14 160.778
114.804 109.7 162.54
98.5089 161.004 112.156
88.1794 131.33 115.292
92.2016 149.774 129.608
88.173 119.832 99.6839
101.527 70.931 113.552
87.1842 168.212 140.722
98.8023 186.184 138.899
104.616 163.554 160.581
74.591 94.2017 146.213
98.0165 88.0435 161.903
91.652 66.5158 128.909
101.56 72.2738 140.917
83.8137 81.5114 121.967
86.8623 96.4298 108.483
103.172 93.7063 111.988
86.6763 184.089 119.926
115.561 164.241 103.88
102.363 179 106.518
111.465 82.6827 140.014
122.503 129.571 139.615
87.4207 108.775 163.303
83.5841 147.135 147.033
99.094 134.388 171.35
119.109 180.181 109.573
118.548 97.3466 152.879
76.1972 109.1 107.046
75.5172 105.478 124.947
78.3866 119.041 123.777
105.938 81.1248 89.6062
-nan -nan -nan
111.09 149.16 130.076
100.736 141.347 119.52
106.55 137.592 118.95
102.144 122.025 108.508
104.314 137.184 103.498
119.857 151.908 114.916
-nan -nan -nan
142.766 150.172 129.772
154.409 142.932 120.181
149.051 138.544 119.639
153.585 122.684 108.871
150.967 139.033 103.443
136.28 154.41 116.205
147.192 201.416 109.203
171.21 74.6579 110.951
134.152 112.522 181.337
181.766 134.821 139.202
142.541 205.068 121.352
133.445 179.78 126.302
134.056 152.791 151.342
133.705 130.966 160.45
131.02 108.098 149.949
137.373 98.6598 129.066
134.639 68.9249 137.396
178.839 154.233 129.095
170.919 181.52 111.464
175.581 170.282 118.12
163.694 176.881 147.703
136.8 168.071 160.043
164.092 137.84 118.994
163.007 151.684 115.112
166.82 69.4968 134.585
146.886 62.6369 145.052
158.946 94.2977 104.584
136.969 81.8753 117.84
148.349 127.585 96.7099
153.677 178.031 103.307
173.741 90.3131 157.217
182.893 115.757 148.628
143.688 86.093 172.121
169.48 120.025 169.224
166.491 134.362 170.617
133.026 88.5825 157.298
131.067 175.447 101.334
133.207 152.885 113.447
174.535 126.771 128.824
183.992 136.105 119.004
164.091 149.46 104.187
186.635 113.729 136.653
177.598 114.714 97.7759
187.444 116.305 113.28
165.237 176.202 115.525
170.938 163.512 123.133
167.594 116.633 137.128
144.142 58.6005 115.367
161.499 150.376 87.5525
144.439 88.9347 126.327
163.107 124.435 163.709
136.241 110.177 164.971
157.798 162.025 112.283
167.142 131.873 115.042
162.768 151.972 128.616
165.918 118.643 98.3524
153.713 73.5866 113.55
169.865 168.737 137.787
157.566 184.37 139.462
150.117 165.738 156.997
180.201 104.085 152.95
156.982 93.3634 164.285
161.822 65.0418 127.391
155.505 71.4463 148.6
174.753 83.9117 129.113
173.258 95.5103 105.238
153.838 97.8224 111.346
166.586 188.435 119.847
139.48 165.453 105.068
150.798 179.414 105.497
144.766 83.1009 139.191
133.139 130.902 140.257
164.068 111.499 164.247
171.048 146.831 147.808
154.553 133.467 171.892
131.176 181.18 106.697
134.275 99.1173 152.861
179.687 114.311 107.087
176.183 104.077 130.031
179.219 122.79 127.358
148.882 81.9057 88.3144
