103.083 203.99 114.337
89.9703 63.9632 110.49
118.342 108.232 177.372
72.8581 126.909 135.621
113.833 207.391 120.567
119.213 181.469 125.138
118.453 155.917 151.138
119.353 129.775 156.234
123.164 104.859 146.975
118.989 98.2428 127.01
119.299 64.0885 138.351
78.6376 148.871 128.444
85.7863 172.366 110.135
77.4837 168.395 120.428
91.51 175.102 148.901
117.158 166.852 158.449
92.3161 135.788 117.683
93.732 151.93 113.696
85.8422 58.688 128.52
107.494 54.1462 143.183
90.4368 83.5574 106.158
116.679 71.0166 117.007
103.325 124.169 98.3119
99.8389 178.34 102.999
81.8565 78.8463 154.598
72.3311 105.95 153.59
104.499 84.3146 169.363
84.6873 121.333 169.02
85.8389 135.084 163.131
119.833 86.5983 156.534
122.888 179.679 101.838
116.826 152.228 111.341
78.4539 121.167 126.507
73.1826 138.311 112.767
88.0356 147.454 101.718
72.5833 107.108 138.094
73.4674 105.585 104.16
67.8022 112.043 113.201
86.488 173.285 117.022
81.9541 158.367 130.002
86.9356 108.019 140.09
107.656 47.5801 116.091
90.2468 144.489 84.987
110.089 75.4414 126.264
90.3844 123.797 159.624
112.551 106.761 161.533
98.753 164.424 111.818
88.5388 130.183 113.258
92.2349 148.373 129.289
83.4384 115.731 102.19
105.384 62.4735 113.321
84.0383 173.577 134.047
100.632 191.214 131.445
103.222 163.899 156.394
74.7727 91.9615 149.983
96.8479 86.654 156.712
93.9507 58.7315 124.587
95.9092 61.0288 138.595
79.3125 73.9353 127.103
81.1225 85.8055 110.644
99.1084 91.9421 109.806
88.4661 187.244 115.314
115.243 169.303 104.461
103.522 183.858 106.417
107.462 79.1219 140.229
121.497 113.107 135.598
87.8718 109.668 164.21
82.0846 149.247 147.229
98.9992 136.091 166.245
120.774 181.146 109.118
116.698 95.6919 149.858
72.7669 106.259 110.165
72.5597 99.7899 129.006
78.5157 113.499 122.698
107.064 83.4185 93.727
-nan -nan -nan
108.486 151.916 129.732
101.017 142.311 121.674
105.16 138.494 120.227
99.2174 124.549 105.296
100.537 139.085 104.523
117.024 157.438 114.017
-nan -nan -nan
149.169 154.016 131.164
154.458 147.97 122.352
151.018 143.536 119.672
155.562 128.587 102.008
156.274 145.081 101.002
138.14 159.3 112.525
145.022 208.049 111.725
160.204 65.8057 113.208
134.012 116.651 177.422
183.65 137.783 129.698
144.109 208.659 125.607
134.482 184.277 124.23
134.795 160.89 152.486
134.991 137.404 156.819
130.536 112.669 149.314
135.4 103.01 126.76
130.23 69.541 138.217
177.95 159.053 127.004
171.568 182.149 107.592
177.344 175.667 120.372
167.244 180.541 144.084
136.547 172.105 157.515
164.751 144.599 110.644
163.572 158.217 112.465
161.699 70.0111 132.723
143.281 65.1905 148.711
159.879 88.1282 106.329
134.827 79.9893 117.955
156.005 128.377 91.3352
153.839 186.125 103.717
172.109 90.7526 148.521
183.194 118.831 146.314
146.144 90.1401 170.407
170.461 126.376 163.303
168.097 141.628 162.176
132.311 90.4021 157.531
131.513 181.902 100.748
133.466 157.921 110.249
177.562 134.717 119.324
186.741 140.044 111.819
161.781 153.105 93.6803
184.541 118.695 131.777
180.722 108.105 100.835
186.52 117.267 107.346
165.708 176.79 116.417
174.263 167.931 128.65
168.247 120.971 132.499
140.681 54.9021 120.515
169.309 152.177 83.3781
144.711 80.5306 126.496
163.405 128.861 156.688
139.137 111.636 161.1
157.228 168.623 111.061
169.784 138.911 107.956
163.993 157.303 127.224
170.441 116.668 95.0546
144.086 74.4941 111.025
169.218 172.659 137.293
156.057 191.025 136.562
150.766 176.219 154.588
177.264 103.936 152.432
158.614 96.1435 158.274
155.236 65.0762 128.477
153.017 73.6491 141.663
169.381 81.8215 123.239
171.412 93.0717 109.222
151.925 99.8867 108.682
169.895 189.644 115.812
141.856 167.407 105.339
151.524 185.862 106.161
142.491 85.6267 139.894
132.189 128.599 136.802
164.353 116.121 158.967
172.596 153.106 145.227
155.335 140.882 166.09
130.958 186.263 106.526
135.138 98.5281 151.913
180.277 101.865 110.293
178.16 105.867 124.645
181.098 129.505 118.29
150.267 85.5007 90.2885
