105.433 198.107 111.004
92.3529 64.2545 115.443
119.832 117.984 179.76
75.4689 136.256 129.845
113.567 207.991 116.425
119.5 181.324 126.274
119.817 158.394 151.669
119.659 134.916 158.484
122.626 109.783 151.707
117.979 100.998 130.958
123.81 68.6333 142.428
81.0108 156.596 122.116
83.9812 177.335 108.545
81.5216 174.265 118.511
91.5939 181.196 143.29
118.458 173.193 158.256
92.3885 137.118 117.06
93.3899 153.565 112.129
91.9519 63.6474 136.588
115.036 64.2857 150.827
95.2989 92.6111 108.465
118.774 74.3145 122.58
105.13 120.408 97.917
101.305 172.243 101.707
88.1743 84.8858 157.737
74.0163 113.293 146.871
107.39 94.272 172.978
83.764 130.381 165.572
86.4207 143.594 161.385
120.79 95.4149 162.215
122.592 177.223 102.276
116.839 149.569 109.907
80.352 128.408 122.87
74.5302 138.02 107.676
90.7357 148.953 97.575
71.5511 110.458 134.426
76.8384 102.114 101.578
69.9757 114.804 107.203
89.2455 176.077 112.245
83.7778 166.056 124.659
88.3644 115.1 136.472
115.185 51.612 120.798
97.4075 140.848 81.5586
112.904 77.9782 130.951
91.4893 132.348 158.735
113.611 111.195 163.973
97.5448 162.248 109.118
88.56 133.978 111.825
94.1707 152.632 125.013
86.8983 118.129 97.8448
106.615 68.7132 117.938
90.3671 175.824 130.825
104.243 193.001 132.042
104.179 171.973 154.723
79.6768 98.1768 154.121
99.2542 95.4274 158.378
99.6186 62.9175 134.098
101.063 73.2313 147.287
84.1789 75.8905 129.688
86.3869 90.4321 114.152
100.986 95.1049 114.612
87.4229 193.281 118.104
114.688 163.952 104.01
103.722 177.101 104.041
113.905 85.6952 144.481
121.376 120.395 142.346
87.7361 118.153 162.195
83.6295 154.305 137.254
98.9555 144.446 161.99
119.252 183.268 110.209
119.644 102.435 155.875
75.0124 107.741 106.294
78.5022 105.15 125.167
78.1765 121.583 125.309
104.531 77.9694 94.0283
-nan -nan -nan
110.493 150.636 127.684
101.83 142.73 118.459
106.438 137.148 117.908
100.312 120.444 106.915
102.888 135.21 102.114
118.269 154.028 113.63
-nan -nan -nan
142.769 153.778 126.817
152.371 144.944 118.907
146.917 140.472 118.5
152.958 122.31 108.645
150.915 137.931 103.719
135.308 154.694 112.596
146.426 200.869 111.07
165.159 72.0568 113.116
131.488 119.89 182.153
178.647 139.013 135.781
144.636 207.933 120.607
134.585 182.331 125.938
133.337 159.064 153.871
133.067 135.883 160.599
131.218 111.529 149.234
136.885 100.859 130.581
136.297 72.7812 145.186
175.357 155.59 126.875
172.046 180.821 108.164
174.661 171.233 118.88
162.508 176.339 147.074
137.368 178.784 156.431
163.309 141.221 116.303
160.766 154.556 112.501
168.892 73.5959 137.237
150.549 70.7631 155.006
158.309 97.6166 107.103
136.295 81.8927 123.883
148.195 126.447 96.3455
154.191 178.923 103.532
175.56 95.9207 155.008
178.602 121.527 151.246
148.995 96.19 175.018
166.539 132.489 169.777
166.776 146.742 163.542
132.772 94.2424 162.368
129.934 183.524 100.647
132.29 152.971 107.566
175 134.835 123.891
180.706 144.561 108.729
162.099 149.613 98.8233
183.901 122.607 138.789
177.061 109.333 99.184
183.977 118.492 108.903
164.538 176.468 113.195
169.622 163.708 124.528
165.417 122.825 136.534
144.743 58.9223 122.609
156.79 144.305 81.5471
147.511 83.2183 131.724
159.648 134.241 161.503
135.33 115.645 164.855
158.641 165.318 110.284
165.68 135.942 113.011
160.397 154.325 125.239
167.201 120.925 98.2903
149.328 74.3059 118.048
167.049 172.378 135.916
154.658 190.476 134.468
147.611 168.288 156.89
172.445 108.978 152.129
156.464 99.4697 162.842
160.721 69.8223 129.58
157.943 80.975 147.688
170.234 81.991 125.633
171.154 93.3465 109.035
153.052 100.934 111.809
164.831 185.574 118.525
138.136 169.753 103.687
151.174 180.226 104.399
144.899 89.9663 147.474
132.565 128.233 139.718
161.58 120.963 165.846
166.881 154.663 144.186
150.138 142.971 170.491
131.576 182.86 107.578
133.678 104.481 154.534
179.549 118.498 103.044
177.197 109.602 126.488
177.805 130.547 125.805
149.951 81.4726 92.6493
