105.903 197.628 108.745
89.7045 73.9105  116.17
117.463 127.217 183.338
77.1363 137.903 132.541
112.829 202.869 116.579
120.336 180.338 126.002
120.787 161.008 151.797
120.868 139.189 158.308
124.103 111.165 150.237
121.195 101.253 129.468
122.005 73.9755 140.395
78.6567 156.239 128.988
83.6991 172.264 107.611
80.6526 171.264 121.653
95.2967 179.567 142.787
118.663 176.236 153.431
93.2722 140.874 117.489
93.2513 153.734 113.082
94.7545 70.5308 138.123
114.831  66.481 149.417
96.7445 94.5516 107.565
117.042 82.2542 118.727
104.573 124.891 99.7186
99.2762 176.159 102.458
87.0992 93.6839 157.453
76.0444 117.512  148.46
105.807 99.7814 175.435
86.9669  129.48 165.665
90.8163 142.004 165.366
121.574 97.6867 161.898
121.174 177.918 101.191
115.271  149.64 110.149
84.1895 131.183 123.716
73.5776 137.217 112.152
91.1776 149.271 100.455
75.0291 113.676 136.968
80.8713   108.8 101.781
73.1343 110.032 114.798
87.1362 173.723 113.762
85.9479 161.906 127.484
91.9083 117.779 137.963
113.107 58.0469 121.556
 92.395 143.255  86.409
111.371 86.3852 128.394
93.9706 132.697 159.648
116.034 119.147 164.603
98.0189 162.786 110.221
89.9919 135.454 114.342
93.9982 151.431 128.401
90.2418  116.65 103.471
101.438 73.3784 114.326
88.7535 166.989 139.741
 102.18 188.273 133.444
 107.74 168.497 157.161
 78.221 104.312 154.762
99.7028 101.486 160.478
100.831 70.7875 131.649
104.418  75.316 146.019
85.9311 85.8435  125.13
82.1472 92.6738 111.693
103.068 98.0564 113.382
87.0112 182.829 114.706
 113.95 163.665 102.143
102.471 177.133 105.415
  112.7 88.3415 146.454
123.229 123.134 140.594
93.1457 121.222 161.505
88.2969 150.947 145.004
102.958 143.626 171.282
120.104 181.006 110.113
117.665  105.58 155.405
80.4113  108.75 109.588
81.6833 110.859 125.252
 78.599 126.111 122.889
105.537 87.2238 92.7532
   -nan    -nan    -nan
112.148 154.325 127.653
102.609  146.81 118.594
107.238  141.22 119.226
102.658  124.55 108.532
102.674 138.164 103.484
 117.39 155.879 112.817
   -nan    -nan    -nan
139.894 154.789 128.695
150.253 146.967  120.74
145.676 141.667 120.973
150.379 124.215 111.059
149.728 139.142  106.56
134.599 156.061 114.418
147.224 198.961 106.085
167.365 72.9102 120.451
134.648 122.603 182.439
177.812  138.29 135.134
142.431 202.918 118.613
 134.11 181.213  125.35
133.361 160.507 152.505
132.856 138.518  159.93
129.769 113.229  150.93
133.315 100.843 128.833
132.181 74.0388 142.888
172.283 155.849   127.4
171.703 170.464 113.437
174.309 169.185 124.428
 164.18 176.027 141.461
136.543 174.691  156.51
161.999 140.426 120.143
157.677  152.56  115.45
165.415 75.2514 141.923
140.134 71.8007 157.275
158.432 89.3552 110.248
136.682 80.0637 120.325
148.452  129.25 99.9373
154.461  176.62 103.601
168.149 91.6504 156.162
173.846 115.246 156.564
142.527 95.1636  177.63
163.799 129.336 168.399
162.481 142.165 164.618
131.563 96.7549 161.896
132.181 177.886 100.131
131.513  154.87 111.149
168.833 128.873 128.571
 182.16 133.579 119.111
164.247 148.522  106.05
176.457  115.73 139.332
172.638 109.124 105.459
181.183 110.274 115.819
166.156 172.495 120.461
168.909 162.808 129.329
159.907 120.428 139.195
146.174 60.4154 129.766
 162.24 146.717 90.0092
 143.18 87.7296 129.951
157.734 132.528 160.482
136.178 117.965 164.943
 156.64 165.399 114.106
163.892 133.599 117.005
158.753  153.12 129.622
163.055 114.253 104.972
154.487 72.3813 118.019
168.119 171.392 134.573
153.355 184.307 137.711
149.241 166.157 158.587
171.838 101.849 153.865
151.821 96.7093 164.604
157.651  72.374 135.141
151.703 77.7238 149.437
165.353 85.5795 131.049
 165.21 94.3864 114.158
151.777 101.405  112.88
167.768 182.554 116.697
138.656 164.662 104.104
151.107 178.296 106.224
142.079 91.0335 147.055
130.406 133.734 138.821
159.352 118.446  166.56
168.238  151.49 141.871
152.002 143.968 165.727
133.902 182.666 106.646
134.006 104.956 155.176
174.027 106.441 113.478
173.684 107.658 130.561
173.158 124.262  129.35
147.018 86.8265 94.7843