103.235 197.215 114.613
92.4042 71.0956 108.745
119.585 110.944 179.323
70.9514 132.017 139.016
112.705 203.097 120.587
119.431 178.688 129.172
119.788 153.218 152.895
119.958 127.143 153.677
123.134 104.811 144.693
117.248 98.3201 125.035
120.394 64.7385 136.996
 76.994 152.139 130.568
79.8455 173.748  112.15
76.1673   169.7 124.826
93.1946 174.435 153.173
119.024 167.778  159.17
87.9616 135.794 120.992
90.9108 152.349  117.38
83.1045 68.2282 122.387
 108.12 56.7754 138.251
94.6336 95.8382 104.423
118.047 79.4165 117.391
102.963 129.146 97.9027
98.1671 175.229 105.901
78.8212  83.949 149.239
74.9192 109.659 153.712
106.663 81.1572 167.268
86.0352 119.099 171.431
89.8355 135.277 168.387
121.213 85.3636 150.925
121.879 174.515  103.78
116.726 149.154 113.267
 77.878  125.49 131.292
70.3777 140.043 115.353
86.8586 152.525 102.783
74.5456 110.045 140.971
75.3959 116.433   94.65
63.7849 126.201 107.981
85.4747 174.362 116.739
83.7626 162.284 126.377
88.4992 110.418 140.134
117.034 53.2057 111.921
92.7968 148.388 84.9562
108.379 82.3843 124.528
91.9563 124.589  162.16
 115.45  105.19 159.318
97.9077 162.549 114.572
85.4462 133.082 116.974
92.6742 148.524 131.413
87.5155 121.637 94.5008
108.089 70.6242 113.063
85.8818  168.53 140.109
99.2074 186.069 135.719
 105.89 161.931 161.358
 73.635 97.7543 149.438
97.0514 86.2539 156.437
90.9688 65.4433 119.833
96.0355 67.2141  133.12
 77.781 87.2686 115.132
80.3126 101.347 104.971
99.8363 97.1335 110.434
78.6763 186.642 121.449
113.239 160.697 105.898
100.924   178.8 108.336
108.904 77.5275 137.966
121.388 129.782 137.431
94.3548 109.507  163.01
 85.433 147.889 150.137
102.591 133.745  168.81
119.611 180.563 110.987
119.328 95.4549 146.776
 70.801 117.588  101.84
74.2172 112.367 122.448
72.9002 120.599 127.214
 104.56 79.8581 89.1409
   -nan    -nan    -nan
112.216 151.102 130.542
100.753 141.608 121.982
106.317 137.348  121.07
99.3046 122.194 108.755
 101.78 136.824 104.805
116.538 154.327 116.927
   -nan    -nan    -nan
141.921 153.957 129.003
 154.93 144.845 120.552
149.311 140.289 120.418
154.689 124.596 108.828
152.454 139.678 104.367
136.987 155.339 115.558
144.084 199.955 106.323
 158.68 77.2791 111.646
132.103 118.248  179.77
180.078 135.196 137.907
142.643 204.903 119.675
134.934 178.796 126.416
132.984 153.262 154.098
133.937 133.522 158.074
130.649 111.654 147.853
135.683 99.9174 130.891
134.067 71.1861 145.946
177.015 154.377 134.052
177.055 179.016  114.37
179.586 169.108 125.948
162.683  180.59 145.217
 136.43 174.197 156.064
166.649 141.243 119.883
165.517 155.139 117.056
167.279 68.4831  125.59
148.303 62.7203  148.49
157.254 99.1734 105.206
135.661 88.3835 123.757
150.027 134.685  94.467
155.796  177.57 104.474
180.511 94.3982 150.834
180.203 121.311 156.301
 148.28 88.5804 174.943
167.022 126.642 171.513
166.657 140.767 166.312
133.588      92 161.036
131.352 172.025 102.498
132.502  152.02  113.27
180.039 133.188 128.954
186.762 140.603 116.491
164.361 150.906 104.141
186.505 123.248 139.037
179.384  121.46 94.2075
189.998  121.12 109.307
169.553 171.211 121.915
174.925 161.333 133.603
167.058 121.184 139.688
141.699 60.7477 119.961
  163.4 154.258  85.534
143.962 90.8606  130.59
159.484 128.806 163.232
 137.89 112.971 161.934
159.763 165.081 114.711
169.256 136.867 116.275
162.697 150.555 131.283
166.502  127.24 91.9662
143.675  79.084 120.233
165.779 170.258 138.784
155.398 188.574 135.501
 148.15 166.308  157.59
178.262   111.7 160.328
160.003 92.3207  159.94
160.517 65.7336  121.69
159.681  69.178 140.058
176.745 83.8955 113.753
170.838 99.8776 106.976
155.213 106.215  111.31
168.826 185.679 120.027
139.594 162.491 104.259
152.419 178.916 106.611
147.241 86.0765 144.845
 131.47 135.427 137.759
158.008 113.923 168.635
168.136 152.475 148.402
157.132 142.338 168.416
131.747  179.95 108.027
135.785 102.604 152.306
182.387 114.761 105.119
179.744 110.263 126.844
182.111 127.997 129.003
150.813 80.8794 90.5404