101.462 196.977 110.233
83.6695 74.5305 108.618
120.606 112.069 182.282
71.1524 136.046 132.766
109.757 203.035 118.861
119.043 179.392 126.184
 120.01 157.303 153.936
120.773 133.728 158.617
124.546 108.679 148.772
120.302 97.8463 125.276
123.688 71.6809 136.399
79.6854 154.594 131.076
80.5668 167.775 112.308
76.6146 170.586 124.802
91.0056 176.148 147.691
116.927 169.353  159.75
90.1177 138.955 113.561
90.0522 150.986 115.465
 88.317   69.84 129.768
112.723 67.8523 147.754
91.4408 94.4222 102.604
117.314 80.8949 114.853
103.671 128.055 94.3803
97.5774 173.396 101.601
83.5784 86.1399 157.021
70.7038 112.577 149.176
104.716 92.2806 173.234
83.1005 123.693 168.768
86.4445 137.748 165.272
121.846 92.3812 158.284
121.017 175.375  100.01
113.946 148.284 109.745
80.9733 131.167 122.212
70.5126 139.353 110.175
88.8837 151.068 95.4396
 71.891 111.364 136.161
72.9952 109.142 96.6319
67.1537 108.708   110.3
84.2428 173.112 119.645
 83.319 160.362 129.262
87.0202 113.132 136.579
111.623  59.325 115.035
95.3558 144.127 81.0638
110.647 84.5235 124.066
91.1974 126.094 161.344
119.568  112.19 164.064
95.5823 162.956 112.698
85.7909 134.786 110.684
91.5205 147.474 130.051
84.8885 120.931 96.0893
100.987    73.9 110.373
86.4382 170.923 138.073
99.7323 189.645 133.375
103.894 169.187 158.731
72.3985 98.6605 152.081
96.7367 95.7153 160.397
97.4805 67.2171 121.194
99.5998 75.4505 140.876
 85.465 86.1254 123.897
80.9054 98.1834 104.352
98.7579 97.7775 107.901
85.6907 183.458 115.178
113.177 160.542 102.654
101.427  177.83 104.755
112.664 86.2456 143.004
123.169 120.022 136.698
87.8169 114.924 162.124
82.8096 148.762 147.664
96.2296 139.958 167.693
119.202 178.718 107.534
118.648 102.151 152.944
73.1488 110.293 104.286
73.3645  110.27 121.936
77.3571 123.497 122.233
103.978  83.844 88.9945
   -nan    -nan    -nan
108.873 151.758 129.069
99.8929 142.355 119.321
105.314 138.189   117.9
99.0553 122.375  105.19
101.275 136.302 101.473
116.811 155.381 112.753
   -nan    -nan    -nan
143.378 152.784 128.016
154.298  144.58  119.15
149.444 139.957 118.794
155.703 122.925 106.736
152.294 138.363 101.811
137.436 155.431 112.633
148.318 198.709 108.165
165.148 73.7335 111.729
133.191  113.72 181.401
182.889 141.722 128.578
143.643 203.599 122.626
134.046  180.15 126.991
134.057 155.993 155.954
133.986 132.913 159.531
129.833 111.545 149.892
 135.69 100.016  126.46
133.763 77.4862 140.251
174.146 158.715 127.664
 172.04 170.803 113.605
176.607 174.105 125.435
165.383 175.602 145.615
137.031 169.996 159.434
165.016 140.307 115.035
162.435 153.225 114.195
168.805 74.1978 132.744
148.445 72.2589 152.592
160.971 93.6626 102.999
137.724 86.7834  117.02
149.763  129.97  93.915
154.639 176.333 102.049
177.761 95.3811  156.29
185.678 120.348 147.734
148.973 94.4594  174.73
171.305 127.963 166.687
171.025 142.689 159.353
133.331 89.3436  161.47
131.238 171.379 99.8156
132.831  153.57 111.379
176.006 132.915 123.338
182.512 144.534 110.094
164.076 151.827 97.8349
186.586 118.737 135.866
181.655  111.66 97.7988
187.669 122.339 108.429
 166.64 172.406 119.062
 172.72 166.596 127.872
168.679 121.763 135.435
144.271 62.8158  123.16
158.546 150.482   82.63
144.251 89.3101 125.818
163.418 129.209 159.606
137.479 112.561 161.436
157.319 163.832  111.96
168.084 136.872 110.534
161.658 152.544  128.63
168.676 121.393 94.6678
152.646 77.6911 117.276
167.357 172.403 137.661
154.817 189.226 136.315
150.967 164.688 158.605
180.714 109.475 151.781
160.175 99.9186 161.318
162.611 72.6076  127.93
157.679 80.3136  142.51
171.593 88.6463 120.464
174.679 92.9735 104.221
156.668 105.018 106.274
168.453 182.881 118.872
140.718 158.816  104.18
150.609 178.748 104.668
145.137 90.4266 144.868
131.496 131.969 137.872
165.927 118.607 163.257
173.895 154.706 142.503
155.581 141.502 165.372
131.655 179.048 105.139
 133.13 100.949 154.468
180.216 116.675 105.777
177.486 108.724 128.291
178.222 127.608 123.376
150.227 83.9795 90.1909