106.563 197.908 109.4
92.1895 64.388 115.859
119.783 118.443 179.711
75.2634 136.448 130.198
114.046 207.69 114.889
119.767 181.228 126.217
119.707 159.03 151.843
119.845 135.042 158.673
122.758 109.948 151.547
117.851 100.839 131.206
123.993 68.2765 143.078
80.9294 156.914 121.943
83.9258 179.639 108.592
81.2397 174.84 118.088
89.9891 178.335 144.442
118.397 173.862 157.993
92.44 137.082 116.623
93.1662 152.979 111.771
91.621 63.9969 137.353
115.027 64.4908 151.359
95.4587 91.9917 108.685
119.435 72.7653 121.985
105.573 120.414 98.4843
101.069 171.322 101.364
90.8042 84.9417 160.402
74.2552 112.881 147.056
106.801 95.1853 173.623
84.4339 130.758 165.499
86.8103 144.28 161.867
120.748 95.0202 163.48
122.098 178.179 102.521
115.31 149.431 109.353
80.8079 127.951 123.126
74.0671 137.972 108.603
88.6562 148.852 98.8079
71.5447 110.404 135.038
76.7522 99.7857 103.402
69.6515 112.445 108.616
88.9351 175.874 111.97
84.7929 166.15 124.454
88.3371 114.699 136.471
113.783 51.8341 121.524
94.4699 140.419 82.1729
113.23 77.3268 131.51
91.648 132.714 159.033
113.87 112.139 164.101
97.4783 162.014 108.318
88.4694 132.07 113.28
94.3207 152.782 125.343
86.5602 117.984 98.0165
105.988 69.088 118.865
90.4841 176.54 129.968
105.126 197.503 130.757
104.178 172.998 154.267
80.8206 97.9976 151.457
99.7154 95.8419 158.812
99.0589 62.9276 134.591
100.86 72.8154 147.267
83.7677 74.6417 128.628
86.8667 90.713 113.758
101.008 95.4373 113.999
89.3234 193.543 117.531
115.247 164.198 103.876
103.95 177.211 103.926
114.29 86.0269 144.667
121.409 121.413 141.826
87.3889 118.608 161.837
83.749 154.556 137.557
99.4997 144.641 161.871
118.939 182.98 110.061
120.263 103.803 158.176
75.6913 105.691 107.351
78.4776 103.165 127.221
78.2072 121.986 125.261
104.696 77.8549 94.4738
-nan -nan -nan
110.632 151.654 127.15
101.884 142.744 118.772
106.526 137.212 118.256
100.362 121.846 105.909
102.925 135.456 102.966
116.94 156.214 113.338
-nan -nan -nan
142.82 153.815 126.62
152.516 144.743 118.856
147.373 140.027 118.76
152.952 123.181 107.548
151.673 137.874 102.625
136.212 155.816 112.897
145.592 201.08 109.758
165.332 72.1687 113.321
131.559 120.088 182.122
178.827 139.211 135.533
144.345 207.862 118.689
134.638 181.103 125.923
133.159 159.391 153.755
133.02 135.558 160.956
131.099 111.796 149.831
136.648 101.012 131.472
135.813 72.7582 145.239
175.328 156.387 127.055
171.73 180.477 107.751
174.433 172.225 118.502
162.779 176.41 146.848
137.252 179.666 154.304
163.268 141.359 116.502
161.577 154.983 112.339
169.205 73.5786 137.56
149.76 70.3138 155.252
158.493 98.6406 107.005
136.289 80.9762 124.265
148.218 126.695 96.4115
153.589 178.716 103.067
175.575 96.1377 154.491
177.986 122.214 151.718
148.745 96.7817 175.568
165.614 132.311 171.034
165.888 146.891 164.121
132.435 94.7268 161.855
130.742 177.647 101.223
133.483 151.74 109.842
175.531 135.524 123.685
181.216 144.139 109.119
163.151 149.705 100.131
183.747 122.585 139.123
176.345 113.142 96.8373
183.886 118.032 109.374
163.622 176.324 113.657
170.312 163.409 123.637
164.928 123.418 136.467
144.954 58.7075 122.219
156.53 145.091 81.6401
147.573 83.8996 132.238
159.24 134.426 162.221
135.103 115.645 165.362
158.407 165.287 109.753
166.134 135.815 112.864
160.59 155.054 124.853
166.669 122.869 97.6873
149.056 74.2768 118.345
166.882 172.622 135.804
154.965 190.851 133.886
147.62 168.798 156.616
172.091 109.108 152.368
155.789 98.5779 164.012
160.548 69.4835 129.93
157.583 78.2709 147.076
172.238 81 122.565
170.795 94.4742 108.245
153.172 101.641 111.636
165.45 185.381 117.552
139.07 167.134 104.216
151.048 179.225 104.036
144.864 90.2001 147.738
132.373 130.156 140.837
160.727 121.093 165.991
166.773 154.682 144.219
150.233 143.727 170.599
132.803 185.691 107.615
134.114 104.426 154.172
179.006 111.212 105.933
176.913 110.639 125.63
177.785 130.653 125.766
149.507 80.7783 93.1537
