102.364 199.619 110.702
98.3671 63.7166 113.272
119.765 107.813 179.473
69.3308 132.075 134.923
113.122 205.746 116.195
119.553 180.165 126.118
118.959 156.442 152.058
119.078 128.255 157.765
122.931 106.691 148.921
118.353 98.0847 130.414
123.533 70.8929 138.593
75.7883 151.645 128.615
81.0036 170.949 110.192
77.561 172.73 122.222
90.3142 177.541 146.158
118.41 168.013 157.224
90.7693 137.499 118.99
90.2443 152.687 114.366
94.4883 62.039 135.539
118.656 61.8046 149.257
93.5503 87.0925 108.938
118.902 72.6005 119.65
100.388 127.267 97.1216
97.9959 176.028 101.751
78.6898 81.4686 147.12
72.4088 109.234 150.383
100.317 86.5935 169.814
85.755 118.346 168.634
85.5265 135.583 163.759
120.458 89.2058 161.201
122.316 175.511 100.192
113.545 149.666 110.195
80.5671 124.866 125.507
69.0263 135.357 114.991
85.5934 148.897 100.908
68.5393 109.283 137.204
72.6495 104.411 102.38
63.0085 115.202 110.291
85.9184 173.993 117.748
80.192 159.98 129.112
85.1734 110.86 137.339
110.868 50.3944 122.095
85.8633 149.265 86.6372
110.636 77.1236 128.292
91.2033 124.541 160.051
112.162 105.135 161.545
95.1739 164.357 112.081
86.6037 131.734 114.632
90.4722 148.201 129.218
84.2741 118.58 101.235
109.805 67.542 115.683
85.8383 173.44 135.071
102.087 191.53 134.836
103.796 167.282 159.656
71.0154 96.3723 145.388
94.44 87.5152 156.482
99.2412 59.8049 132.371
105.955 67.4501 145.705
84.8817 74.81 125.935
83.2459 87.9356 113.536
99.7161 97.7918 111.134
84.8387 187.886 114.707
112.885 166.713 103.08
100.939 181.791 104.837
113.02 81.2741 146.465
123.1 129.602 139.215
88.8368 108.688 159.384
82.8211 148.461 143.793
97.0044 137.252 165.766
119.501 181.842 107.709
118.613 97.1246 154.255
70.5731 109.359 109.039
72.2914 104.9 123.373
76.2129 119.19 124.359
103.261 84.8938 93.35
-nan -nan -nan
107.919 151.916 128.926
99.1367 144.436 119.305
104.417 140.49 118.507
98.1788 124.181 107.238
100.47 137.708 104.357
116.462 154.816 113.836
-nan -nan -nan
144.075 152.183 129.757
153.563 143.318 119.838
148.25 139.854 118.791
155.517 123.691 107.816
152.149 139.052 103.688
136.327 155.699 114.174
150.33 200.476 109.338
163.821 69.5323 115.186
133.071 110.979 180.911
183.074 137.05 132.768
143.389 205.314 122.39
135.485 180.956 125.833
134.212 153.795 155.226
133.959 128.479 157.581
130.812 107.292 148.579
138.042 99.055 127.912
133.492 72.2173 137.286
174.927 152.943 127.32
170.004 166.547 114.363
178.887 171.979 123.856
164.428 175.627 148.542
136.983 167.015 160.182
163.874 139.658 116.236
160.002 153.571 114.31
171.281 70.8507 132.708
145.59 65.3526 150.074
163.072 90.9043 105.678
137.441 77.7765 119.003
150.407 129.812 94.9805
155.802 174.549 101.651
176.512 88.8159 151.008
182.572 117.044 147.632
148.937 88.8543 172.506
169.693 122.736 168.156
166.123 136.217 167.017
134.396 89.8233 159.298
131.783 177.278 100.075
133.408 154.305 111.14
176.932 130.359 122.846
187.212 140.295 114.444
165.687 151.2 99.6203
184.731 117.244 134.016
180.854 112.232 97.1617
191.125 119.565 108.791
169.184 169.857 123.654
168.875 164.403 125.856
167.162 119.247 134.413
146.681 54.7587 128.524
162.879 149.958 85.3699
147.374 83.6159 127.572
162.682 125.683 161.062
139.064 106.61 164.239
156.969 165.654 111.896
169.181 136.504 110.28
161.319 152.897 129.209
167.642 121.325 96.7471
151.924 73.064 115.795
168.696 162.95 142.028
158.253 187.817 135.077
150.19 164.998 158.78
178.788 105.214 147.322
159.68 90.6061 158.139
160.272 65.8575 128.039
157.717 73.6197 141.381
177.188 85.248 122.776
173.699 97.8677 108.299
155.365 100.406 109.362
169.258 178.311 116.243
139.798 168.941 102.998
152.204 181.331 104.414
143.506 83.2179 143.468
132.954 130.027 139.323
163.077 113.773 161.062
167.372 147.451 147.887
154.207 133.694 167.836
133.351 179.422 105.529
135.657 97.9575 153.246
184.192 114.51 104.058
180.865 107.446 124.73
181.095 127.436 120.177
148.76 84.4451 92.8562
