102.854 203.094 113.879
91.6806 63.0977 109.013
118.527 108.249 177.107
73.2447 126.823 135.002
113.905 207.304 120.355
119.186 181.037 125.219
118.708 154.228 150.958
119.324 129.721 155.534
123.277 105.222 147.35
119.091 98.0362 126.775
120.366 63.7119 137.663
79.1646 149.242 128.156
86.556 171.152 109.65
77.9215 169.062 118.898
89.8235 171.909 151.266
116.969 167.33 157.711
92.4015 136.503 116.116
94.1882 152.836 113.951
85.9507 58.6052 128.633
107.122 54.031 143.619
90.7068 84.8824 105.945
116.932 71.2984 116.644
103.851 123.59 98.6906
100.722 177.943 102.716
81.8201 77.8988 154.343
72.5178 106.063 152.958
104.758 83.4263 169.093
84.811 121.234 169.167
86.359 134.807 164.27
120.004 86.3435 156.571
123.07 179.284 102.092
115.525 150.303 110.968
79.8536 119.92 127.135
73.5293 137.088 113.955
88.0595 147.594 101.537
73.489 106.576 138.151
72.6242 108.864 102.926
67.898 114.068 112.556
86.8853 172.35 116.753
82.81 158.272 128.858
87.4759 107.811 139.516
108.573 47.5541 115.303
90.7248 144.785 85.4164
109.667 73.981 126.79
90.4167 123.84 158.808
112.385 106.206 161.268
99.5359 165.373 112.546
88.708 129.775 113.062
92.7088 147.254 129.761
84.6499 117.628 101.602
105.711 62.4638 113.504
84.0275 173.775 133.325
102.162 193.384 131.618
103.261 162.998 156.093
74.3757 91.6474 149.251
97.2095 86.7442 156.581
93.6338 58.7248 123.836
96.9529 61.3166 138.07
80.7571 74.3758 124.992
80.0842 85.1583 110.236
99.5093 90.9876 110.275
88.7935 187.23 115.094
115.082 168.647 104.274
103.552 183.001 106.503
107.626 78.5425 140.17
122.252 120.035 137.178
88.3271 109.776 163.982
82.7709 149.22 146.518
98.8575 136.034 165.605
120.848 182.077 109.259
116.892 95.8393 149.705
75.2759 98.6172 112.351
72.7303 99.9205 128.956
79.3071 113.693 122.299
107.659 83.2944 92.9838
-nan -nan -nan
109.096 151.936 130.018
101.189 142.383 120.399
105.864 138.734 118.93
99.8169 123.63 105.826
101.8 138.662 103.533
118.371 157.531 114.321
-nan -nan -nan
148.306 154.491 130.336
155.31 148.22 120.976
151.379 143.294 118.479
155.549 126.834 104.014
155.852 143.805 100.808
138.464 159.813 113.108
147.14 207.121 112.975
162.579 67.9342 111.727
134.262 116.39 177.326
184.249 137.914 129.86
143.146 208.442 125.931
134.841 183.894 124.581
134.981 160.489 151.848
134.591 136.845 155.638
130.887 112.317 148.609
136.077 103.373 126.423
131.164 69.2804 138.591
177.782 159.198 127.264
171.852 182.298 108.253
176.931 175.975 120.595
164.224 182.81 143.834
136.554 172.408 156.935
167.089 143.427 113.702
163.706 158.298 113.656
162.362 69.3788 131.08
143.541 64.2134 147.62
160.508 90.1656 106.282
135.42 79.7084 118.12
150.468 126.108 96.7069
154.031 186.584 103.957
172.13 89.7351 147.688
183.073 118.649 146.1
147.596 90.2526 170.122
171.252 126.858 162.593
167.282 141.479 162.278
132.649 90.3283 158.02
131.852 181.823 100.698
133.163 159.452 110.41
177.068 134.423 119.71
185.399 142.878 106.067
160.722 153.116 96.3155
184.984 119.761 130.708
178.702 108.03 100.816
186.881 122.739 102.005
165.944 176.515 116.914
174.452 167.781 128.58
168.421 120.882 132.329
141.509 54.9599 119.399
162.583 147.575 81.3714
145.563 80.2972 126.594
163.506 129.29 156.13
139.505 111.778 160.576
157.301 168.627 111.438
170.304 139.09 107.406
163.716 157.043 127.489
167.842 117.046 95.3027
145.06 74.6302 111.657
168.661 172.203 137.196
156.097 189.113 136.809
151.251 169.38 157.263
177.206 103.576 152.047
158.839 96.3998 157.81
156.358 65.1924 126.991
153.786 73.414 141.227
170.394 81.7538 121.342
172.4 96.2258 107.986
151.551 97.004 110.889
168.998 189.809 115.673
140.432 170.738 105.076
150.9 186.042 106.388
142.921 86.5859 139.315
132.078 133.203 138.773
163.961 116.24 158.751
171.909 153.108 144.985
156.206 141.067 164.689
131.317 186.324 106.883
135.773 98.8983 151.716
180.315 111.581 103.888
178.181 105.641 123.575
181.192 130.862 117.906
150.641 85.366 90.1116
