102.768 197.485 110.886
91.3954 73.7642 120.476
123.908 112.492 180.416
78.8538 133.275 134.228
110.774 204.484 116.955
 119.83 180.862 128.747
120.803 159.912 155.024
122.677 134.354  161.85
 125.38 107.744 154.253
122.104 101.167 131.127
119.868   71.85 143.938
84.2111 152.671 130.643
84.9609 168.975 111.009
82.1454 167.958 124.053
91.9317  176.26 146.402
 119.11  169.34 161.566
95.0243 138.614 115.915
93.7299  151.38 116.176
89.2613 75.0332 142.518
110.795 65.7226 151.072
97.3172 92.8974 108.178
118.335 79.1571 124.713
99.6952   119.8  98.401
100.541 173.215 104.246
84.1388 95.8602  156.63
77.2891 118.867 152.004
109.687 89.4497 172.626
90.0262 123.853 169.736
90.2287 138.281 165.797
122.819 90.3614 161.632
121.416 177.732 102.501
 116.76 149.172 110.175
82.6037 131.217 123.802
77.5175 140.472 108.767
95.8499 146.748 95.1484
76.3263 116.999 136.175
77.8337 101.752 104.879
72.3972 115.322   111.4
 89.739 170.515 117.224
87.9821 164.089 132.881
89.8555 116.191 138.513
107.473  58.822 125.832
89.5277 138.492  85.984
110.844 78.7829 131.204
94.9655 127.824 162.342
117.414 107.598 164.521
98.7031 160.959 113.332
91.8592 133.006 114.489
 95.673 149.821 130.497
87.5821 109.147 103.819
106.408  75.584 121.556
87.5096 171.232 137.618
98.7643 185.364   133.4
104.589 173.486 157.026
77.6807 105.857 155.008
 98.985 93.3076 163.019
 94.025 70.3504 137.038
98.8325 76.6546 151.139
82.8388 86.5512 130.168
87.1659 94.7633 110.969
 103.38 98.4136 111.191
 87.474 181.812  116.99
113.368 161.978 104.226
101.631 177.673 107.585
111.474   83.82 146.512
124.058 128.036 137.796
95.6753 114.832  165.26
86.9145 149.602  144.44
101.692 143.575 169.155
119.755 180.177 110.459
121.761 99.9465 154.912
77.9104 104.547 110.859
78.9876 110.248  126.12
79.1971 126.628 120.304
106.691 79.7219 96.1524
   -nan    -nan    -nan
110.436 148.927 131.268
103.545 142.762 122.673
  107.5 137.438 119.313
103.277 121.799 108.132
103.706 136.107 105.149
117.502 154.394 113.226
   -nan    -nan    -nan
144.189 149.331 129.685
151.582 143.018 120.515
 147.78 136.857 118.985
151.988 121.217  108.09
151.052 137.366 103.905
136.915 154.806 112.127
147.214 198.701 110.121
161.097 69.5191 114.627
134.523 115.888 180.882
175.191 136.753 132.935
 141.47 203.917 122.933
132.897 182.781 126.453
134.605 159.359 154.684
135.062 133.618 159.204
130.921 107.837 150.182
 134.99  100.28 130.494
132.364 67.3859 139.787
170.092 156.718 125.413
170.404 174.053 118.598
170.404 178.671 132.597
159.271 177.483 147.516
 135.86 169.066 161.439
161.693  139.55 116.425
159.794  154.27 114.366
162.953 66.4833 130.561
144.916  60.501 143.333
 154.66 91.2253 109.242
133.663 81.4113 124.001
154.115 120.411 99.1095
 152.83 177.807 105.255
169.977 88.2915 151.219
179.272 117.659 147.359
146.312 87.4511 171.137
168.461 124.451 164.638
166.547 139.368 163.645
133.241 87.8338 160.462
 130.56 175.911 102.086
132.451 152.967 110.961
172.998  130.47 123.737
178.652 139.138 112.155
162.427 146.672 103.318
180.014 113.916 135.617
176.944 107.061 100.969
182.164 111.755 112.172
163.247 173.558 125.247
167.233 166.087 128.379
164.238 119.705 134.729
138.343 59.5059 117.115
158.952 144.244 85.5463
140.377 87.2017 129.961
160.242 126.388 160.932
138.118 108.449 162.354
155.674 163.512 112.784
164.519 131.412 114.565
158.742 152.596 128.891
166.483 110.778 103.889
144.096 73.2936 119.151
 162.36 168.859 140.592
150.444 186.235 138.678
149.066  167.48 159.646
173.552 107.059 152.512
153.868 87.4473 158.455
158.247 62.9383  126.77
152.594 68.9672 142.154
166.846 77.4762  126.79
168.554 94.4483 108.384
150.681  98.003 112.215
164.521 184.695 121.648
139.985 159.234 104.984
149.823 177.036 107.082
142.079 80.6839 143.003
132.124 118.611 138.589
161.665 110.973 162.476
166.959 152.962 142.532
155.566 140.713 167.525
133.121 182.274 108.437
133.574 98.0557 157.552
 177.06 101.908 109.298
172.952 104.118  127.19
175.879 124.789 124.342
149.588 81.5308 94.5125