105.987 196.972 108.268
91.5375 72.2172 115.129
117.451 124.382 182.949
75.7345 137.422 131.746
113.442 202.153 116.305
120.259 178.905 127.017
 120.61 159.919 151.478
120.768 137.677 158.088
124.172  110.78 150.099
121.349 100.158 128.982
122.398 73.8211 139.714
77.4834 155.699 127.887
83.1296 173.005 107.782
79.6981 170.493 121.693
93.5911  179.58 141.293
118.446 173.591 155.182
  93.07 139.705  117.49
 92.714  152.89 113.677
94.5459 69.8243 136.276
115.301 65.8608 149.025
97.0408 94.3609 106.808
 117.57 81.8187 118.547
105.896 127.788 97.5186
99.9974 174.566  102.11
86.6049 91.2402 156.389
74.0817 116.849  148.75
105.555 97.9647 175.419
84.6163 128.755 164.776
88.6448 141.068 164.501
121.856 96.8604 162.912
121.281 178.925 101.551
118.875 150.235 110.405
83.5132 130.473 123.509
72.6473 135.776  113.38
89.4264 149.315 101.224
73.2814 112.368 137.631
81.8312 107.711 101.639
73.0891 110.398 113.922
87.4249 172.392  114.74
85.0779 162.217 126.717
90.6588 116.612 137.691
114.153 57.6363 120.356
92.1907 144.432  86.237
111.205 86.3064 127.849
93.2421 131.413 159.714
116.229 117.655  164.76
98.0746 162.507 110.557
89.0896 135.146 113.738
93.0636 150.279  128.92
91.1445 118.115 102.321
 102.03 73.4608 113.519
88.0477 166.114 139.908
 101.21 188.243 133.828
 106.88  168.05 157.707
77.5325 101.438 152.366
99.2177  100.32 160.343
101.216 69.5983 130.787
105.028 73.9701 144.443
86.1411 85.6945 124.978
83.9799 93.4384 110.815
103.653 98.3963 112.528
86.6802 182.534 114.036
113.682 162.447 102.451
102.383  176.44 105.607
112.861 87.8549 145.508
123.318 123.036 139.938
91.1994 119.818 161.673
87.3155 150.298 144.664
101.117 142.395 169.981
119.778 180.553 110.126
118.028 104.205 155.075
80.6879 109.087 109.117
81.4237 110.956 124.446
 78.503 124.669  122.98
106.425 86.8486  91.812
   -nan    -nan    -nan
111.782 153.733 127.873
102.428 146.399 118.474
106.659 140.968  118.77
 103.27 124.323 108.306
102.836 138.136  103.39
117.116 155.464 112.809
   -nan    -nan    -nan
140.126 154.166 129.053
150.557 146.398 121.014
145.974 141.523 120.723
150.201  123.93 110.877
149.726 139.098 105.854
134.506 155.881 114.339
148.611 198.418 106.824
167.351 72.8788 119.785
134.926 121.865 182.138
 178.47  137.45 134.929
142.411 202.135 118.386
134.229 181.108 125.388
 133.82 160.209 152.597
133.363 138.075 160.064
129.968  113.33 151.124
133.488 99.7267  128.26
132.407 73.6558 142.356
172.747 154.588 127.555
  171.4 170.579 114.217
 174.63  168.76 125.419
  164.6 174.257 143.338
136.688 174.185 156.589
162.272 140.333 119.206
161.083 153.157 116.986
166.853 75.1863 140.475
141.251  70.356 155.638
158.853  87.702 109.799
136.987 79.5983 119.291
149.169  130.51 99.5403
154.873  176.04 103.972
168.456 90.8893 155.944
175.439 114.706 157.134
143.305 93.6754 176.647
165.465 128.204 168.357
161.847 140.829 166.049
131.736 95.4125 161.639
132.615 176.871 100.216
132.907 153.436 111.334
169.936 129.219 127.814
182.736 133.581 118.815
166.479 148.214 105.492
177.268 115.482 139.592
172.704 108.754 104.967
181.101 110.062 115.594
165.844 171.985 121.138
168.904 162.746 129.036
 160.51 119.876 138.669
146.693 59.8561 128.526
162.716 146.635 90.4172
143.529 87.6786 129.234
157.939 131.352 161.272
136.469 116.937 164.898
 156.33 165.164 114.257
164.119  133.34 116.339
158.927 151.591 129.677
163.024 114.229  104.74
153.614  72.042 117.924
168.562 171.442 134.753
153.939 182.649 138.147
149.671 166.487 158.282
171.853 101.278 155.415
152.294 94.8697 164.243
158.553  72.786 134.283
152.135 76.3544 148.691
166.003 85.4958 129.354
165.784 94.8263 112.776
151.577 99.0128 113.247
168.061 183.536 117.715
138.445 163.887 104.181
151.365 177.997 106.696
142.607 90.2619 146.577
130.482 137.702 139.901
 159.93 116.981 166.557
168.824 150.495 142.645
153.232 142.839 164.914
133.871 180.847 106.471
134.509 104.375 154.981
174.306 105.544  113.44
174.134 107.035 130.772
 173.38 124.143 128.948
147.034 86.5252  93.754