 103.74 197.181 113.978
 93.758 69.4537 109.712
119.363 112.414 180.687
71.4336 132.458 139.321
112.725 202.878 120.587
119.392 178.657 128.068
119.617  154.93 152.541
119.818 128.425 154.507
 122.28 105.802     146
117.047 98.7668 126.491
 120.22 65.9218 138.725
 76.863 152.526 130.825
80.2828 174.025 111.018
76.5361 170.394 124.135
94.0857 175.168 153.004
119.226  168.97 158.955
88.3012 136.547 120.488
90.7552 152.126 118.215
83.2884 66.8479 123.208
107.959 56.9464 139.785
94.6476 96.2243 105.209
 117.74 80.1249 119.144
103.437 128.895 97.9929
97.2611  176.91 106.337
78.1553 83.6547 149.387
74.8219 110.247 155.096
106.319 81.7579 168.513
  87.54 119.233 172.815
89.2843 136.369  168.23
120.683  86.303 153.475
121.864 173.452  102.98
115.236  148.93 113.436
77.5963 125.956  131.96
70.0087 139.153  116.68
86.6776 152.109 103.027
73.9537 110.507 142.008
76.5169 119.444 92.7447
63.4308 125.365 108.347
84.9535 175.047 116.023
84.9264  160.97 127.329
88.6112 111.135 140.477
118.115 52.7013 114.214
92.0326 148.883 84.5661
107.733 82.1725 125.633
92.5005  125.33 162.818
115.292 106.642 161.094
97.8763  162.39 113.844
85.2771 132.267 118.252
 92.873 148.472  131.96
88.5202 123.767 93.5188
108.421 70.4805  114.61
86.5344 168.449 140.559
98.9885 185.681 135.431
106.477 162.815 161.233
75.4138  97.266 152.135
96.6185 85.8697 156.643
92.5695 63.6454 120.273
96.3186 66.0221 133.727
74.4425 88.4728   115.8
80.6285 101.734 105.097
99.7516 97.4704 111.301
79.0616  185.85 120.938
113.512 161.946 106.185
101.497 178.351 107.575
108.728 77.7768 139.482
121.117 129.855 137.689
 94.388 110.408 163.429
85.9364 148.181 150.983
 103.79 134.318 169.654
 119.27 180.895 110.595
119.002 96.4986 149.004
70.6795 115.737 101.417
  73.94 111.273 123.696
72.2372 121.617 127.638
104.036 79.7655 90.3865
   -nan    -nan    -nan
111.986 150.844 131.039
100.547 142.517 122.142
105.761 137.615 121.546
99.3297 122.679 109.287
102.211 136.898 105.396
116.549 154.192 117.338
   -nan    -nan    -nan
141.654 154.469 129.465
154.611 146.465 120.435
149.421 140.801 120.968
154.754 125.117 109.282
152.126 139.423 104.742
136.121 155.552 115.915
144.692 200.186 105.949
159.241 77.2399 112.902
131.888 119.337 180.376
179.492 136.317 138.621
142.642 205.517 119.232
134.346 178.291  124.72
132.744 154.206 154.537
133.679 134.695 158.665
130.612 112.019 148.045
135.843 101.162 130.976
134.031   71.58 147.487
177.255 155.225 134.558
 177.61  179.03 113.878
179.367 169.899 125.163
162.724 181.795 145.664
136.408 175.159 155.792
166.221 141.375 120.987
 165.04 155.897 117.111
167.602 68.4166 127.035
147.957 62.7791  149.53
157.096 101.237 104.938
135.723 88.9465 124.792
150.399 134.985 95.2862
 157.76 177.951 104.677
179.912 94.7579 151.557
179.555 121.873 157.694
 148.09 89.9805 176.195
165.475 127.015  173.15
 166.07 141.744 166.959
133.691 92.9912 161.552
130.661 174.359 100.585
132.637 152.487  113.77
178.998 132.778 130.204
186.952 140.917 117.207
165.117 152.351 102.987
185.875 124.044 140.705
179.891 122.101 93.7111
190.217 122.474 109.454
169.076 172.448 120.688
175.409 161.882 134.423
166.427 121.945 140.985
141.796  60.736 121.353
164.508 154.583  85.747
143.995 91.2902 131.767
158.896 129.617 164.039
  137.8 114.248 162.373
159.252  165.16 115.074
169.843  136.59 117.768
162.606 151.046 131.879
167.719 127.319 93.0275
143.836 79.7235 120.904
165.681 171.419 139.139
155.769 190.055 135.231
148.161 167.986 157.322
177.352 112.486 161.639
159.677 92.5105 160.783
161.138 66.4636 123.457
159.825 69.7932 141.501
177.242 83.2735 113.627
171.605 100.077 106.368
155.669 107.946 111.174
169.926 186.344 120.022
 138.63 164.857 103.726
151.659   179.3 105.871
147.136 86.2427 146.198
131.742 133.948 138.254
156.968 114.663 169.855
167.617 153.402 149.094
156.549   143.2 169.145
130.638  178.36 106.827
135.654 103.823 153.492
183.001 112.251 107.124
179.325  110.91 127.794
182.429 129.521 129.121
151.122 80.9763 91.5738