103.594 202.712 110.028
90.6316 67.8006 95.5146
121.536 103.877  174.96
70.6927 133.092 132.779
109.684 208.136   117.9
120.116 183.683 122.637
121.806 158.118 151.612
 121.53 128.476  158.07
125.882     104  147.57
123.529  94.823  120.38
128.164 67.1421 121.122
78.1389   159.8 120.393
81.9152 173.613 109.564
76.7806  183.07 120.911
90.9208 176.266  149.28
  119.1 168.717  158.45
88.8642 138.709  116.86
91.0709 154.793 110.047
92.9213 62.2291 113.028
121.586 55.0415 130.128
 92.509 97.0212  94.481
121.804 69.4162  98.438
103.584 129.241 89.5674
 98.325  179.42 99.8469
 86.411 72.0898 139.866
68.6067   105.2 141.113
103.813  79.277 161.882
84.1223 114.445 171.119
89.9692 133.044 166.842
122.676 82.0861 153.359
123.238 179.012 96.5077
116.858 152.152 104.859
77.3322 126.533 122.609
68.2402 135.479 110.219
85.5264 151.737 98.8516
69.3494 107.062 126.852
74.1164 113.822 89.1748
67.0019 120.408  101.76
85.1107 177.293 115.332
 81.963 173.471 121.269
84.6975 110.449 132.466
120.603 47.7626 101.913
92.2954 151.384  80.383
118.724 77.7449 113.346
 92.943  120.34  162.99
115.739 101.394 158.678
97.4804  166.31 107.358
86.5972 133.015 110.704
90.5473  151.27 126.758
87.4337 126.815 88.3173
103.848 67.9451 97.5934
86.2279 173.687 134.238
98.4013 188.315 136.266
105.846 169.233  158.13
75.1859 88.8718 141.487
99.1704 77.9727 147.494
98.9549 61.4965 110.301
106.976 60.3261 124.642
77.7536 82.3923 108.908
82.4569 102.819 96.4138
 103.21 94.2368 100.994
87.7656 191.676 114.938
114.085 166.915 98.6282
101.822 183.526 103.304
117.567 76.7637 132.865
125.773  116.26 130.579
85.8162 104.443 161.544
82.3717 153.579 141.547
100.957 134.503 169.674
120.911  184.38 104.644
121.694 91.4408 149.395
74.0758 111.093 98.1723
75.6568 104.933 115.502
 76.611 120.202 119.793
104.591 85.5272 79.8292
   -nan    -nan    -nan
107.456 150.561 127.042
99.7289 144.781 116.121
105.005 139.322 114.291
 102.33 121.351 102.873
103.316 139.104 98.1548
 119.06 155.058 108.447
   -nan    -nan    -nan
148.263 149.977 128.073
155.618 144.581 118.048
152.183 138.048 115.681
157.669 119.388  103.57
154.922   138.2 100.111
138.519 155.878 109.263
150.136 200.532 105.191
168.318 68.7563 100.509
131.631 105.474 175.102
183.391 132.495 132.217
144.997 204.948 117.205
135.287 182.496 126.392
133.928 156.076  156.89
133.263  129.66 161.913
129.832 104.298 149.511
135.716  94.394 123.169
138.072 68.9904 130.323
178.451 153.864 126.624
    174 183.237  113.11
177.542 171.637 120.195
164.351 175.293 148.133
135.895 167.526 160.399
166.326 138.192   114.5
164.592 152.625  114.63
171.521 66.6414 123.929
146.026 58.9405 142.462
161.571 95.3752  95.207
139.006 79.5482 109.539
153.719 126.346 91.4398
155.727 177.646 100.718
182.721 89.1083 146.913
186.456 114.465  148.51
150.121 83.5012 169.351
169.214 117.684 171.142
167.088  134.86 167.565
133.142 82.5866 156.632
 132.89 177.622 96.0872
134.064 154.311 106.823
178.845 127.914 120.314
187.308 134.594 111.397
 166.15 148.134 101.462
186.052 114.188 132.408
181.861 104.866  92.792
 189.43 115.975 104.683
167.672 179.993 115.439
172.196 164.028 126.374
169.901 115.414 135.236
149.679 56.3529 107.534
164.779 149.107 82.3506
148.131 77.3628  118.69
161.634 121.909 163.858
138.099 101.634 161.223
  157.8 166.113 111.072
169.007 130.149 111.294
164.443 152.229 128.649
171.156 120.919  89.649
155.906 73.1628 106.389
168.893 170.473 137.806
157.467 186.993 137.545
149.054 168.574 158.817
181.546 101.129 154.868
 162.52 82.6983 157.551
165.268 66.5353 120.001
158.967 67.4314 138.397
 175.65 81.3519 114.656
173.387 97.1741 94.8173
158.169 100.696 101.173
169.669     190 117.866
141.854 165.804 100.401
153.569 181.956 103.467
143.245 76.2732 137.626
133.915 116.482 129.338
163.207  106.72 165.297
172.303 150.203 145.057
151.907 134.138 172.843
134.462   179.8 101.709
132.529 93.1615 151.253
185.272 110.766 98.0838
183.081 104.072  120.59
181.172 120.747 119.791
151.707 83.5759 80.5715