104.038 201.016 109.262
88.3845 67.1193 113.764
120.534 109.474 180.685
71.8019 132.773 134.496
109.087 208.031 117.197
119.567 183.603 128.63
120.405 156.974 151.926
120.403 127.778 154.626
123.961 104.799 147.126
121.624 95.8865 126.467
122.101 64.27 143.783
77.6315 153.487 128.081
81.076 171.436 110.272
78.4665 173.137 124.103
91.2593 178.75 147.894
117.895 170.505 158.257
91.479 138.978 112.766
91.3859 152.979 112.957
89.8999 63.217 138.535
112.54 58.0631 152.66
96.6991 87.9621 108.2
118.615 69.534 117.865
102.057 125.223 93.0328
98.1312 179.22 102.795
82.446 82.2489 157.527
72.9189 108.953 146.504
107.707 83.2026 172.127
80.8316 120.195 166.154
85.8031 137.079 164.607
122.173 87.8419 158.995
121.812 179.145 100.19
119.482 152.201 109.087
82.7263 129.677 123.913
70.3438 140.069 109.143
89.6083 150.086 98.7348
67.8883 108.674 133.732
73.4694 107.225 99.2552
68.7997 108.699 111.455
84.4935 172.594 117.543
85.2429 161.689 131.291
87.389 111.838 133.915
108.191 46.4382 127.007
91.0172 145.358 81.4525
111.615 75.7389 128.805
91.6975 124.797 160.224
116.055 106.465 162.718
96.9747 165.343 111.139
87.1517 133.596 111.112
94.046 148.473 128.112
84.7861 114.537 98.5259
106.183 63.2297 113.239
87.049 170.14 138.46
100.515 188.34 135.756
104.137 168.468 158.997
67.9274 94.7742 153.242
97.5284 90.67 158.801
96.3711 63.6414 132.306
101.505 68.1842 146.91
86.422 77.9228 126.622
85.7302 90.4946 108.082
102.177 95.2135 111.308
83.1193 188.348 115.386
114.98 161.123 102.989
101.462 181.482 105.211
112.028 84.7485 142.168
122.906 123.203 137.239
90.186 109.992 159.505
86.7837 147.406 146.977
100.607 136.808 166.98
119.869 186.438 108.755
119.516 97.411 153.408
73.2536 109.814 107.475
75.3568 102.22 127.776
76.1755 124.381 123.638
105.262 81.5322 88.9933
-nan -nan -nan
112.74 153.666 126.568
102.235 145.669 117.536
106.902 139.486 117.516
100.099 120.427 107.812
102.21 136.975 101.453
117.198 158.163 112.46
-nan -nan -nan
142.125 154.428 127.254
152.665 146.673 117.167
147.473 140.599 117.979
153.492 122.428 107.587
151.784 139.42 100.46
136.941 157.782 112.091
147.389 204.076 108.604
168.947 70.9563 113.907
132.386 108.049 178.57
181.239 138.508 131.921
143.238 208.465 122.312
134.393 184.009 129.039
133.634 154.543 154.036
133.246 129.529 157.808
129.904 104.899 146.64
132.629 96.6381 125.641
132.804 61.4378 133.543
176.205 157.022 124.71
174.562 169.506 110.327
178.747 176.596 123.077
165.874 175.638 148.772
135.919 172.388 159.3
164.779 139.461 115.25
163.289 153.033 111.928
164.918 64.197 136.143
143.765 58.3564 148.071
157.777 97.5943 103.722
133.029 80.0674 116.145
148.463 131.636 91.5786
155.108 182.091 103.502
174.951 85.7447 154.224
182.578 112.303 145.958
149.035 85.948 173.81
173.759 122.132 164.036
170.199 137.476 162.755
132.312 84.4401 158.175
131.429 178.925 101.408
132.479 154.157 110.4
173.788 130.716 124.633
185.934 136.66 114.484
164.159 151.802 98.3052
185.054 115.661 133.429
178.793 111.631 96.5248
187.346 113.267 111.257
168.954 169.162 120.26
172.748 167.228 124.99
164.208 117.783 134.328
146.776 55.6571 115.946
162.855 151.549 83.1771
142.823 80.2629 125.639
163.364 125.434 158.842
138.402 105.294 162.464
158.743 166.024 110.294
166.915 134.953 111.303
161.635 152.294 126.372
167.029 123.353 95.5568
148.771 72.087 115.046
167.076 170.264 138.024
157.572 187.24 139.43
149.318 171.701 157.165
178.122 100.953 157.446
156.468 91.7002 160.156
158.822 64.1513 127.906
152.675 66.8779 146.139
170.129 82.8128 125.87
168.47 95.5757 107.126
152.032 102.62 107.28
165.639 186.156 117.721
139.732 160.958 103.69
151.541 181.743 105.731
142.869 81.8395 142.979
131.885 124.184 137.232
164.936 112.819 160.355
168.233 151.379 146.482
153.14 135.276 170.637
132.403 188.382 108.086
133.429 96.0018 151.37
179.012 112.506 106.002
176.194 103.595 128.852
176.355 124.635 124.751
148.471 81.4007 88.3478
