101.612 198.031 110.516
86.4931 66.9448 115.169
118.965 112.133 181.777
73.3633 137.96 134.555
108.691 204.733 119.256
119.613 180.304 127.338
120.039 153.411 154.035
120.059 130.123 157.631
123.341 109.552 148.738
119.027 98.6899 126.721
121.931 66.0615 136.911
82.8722 156.239 129.918
80.6418 165.641 117.506
76.3119 173.113 129.526
90.5511 172.98 150.684
117.605 171.073 159.359
90.3321 139.921 118.309
90.5061 153.044 116.88
91.856 64.0163 136.33
112.127 58.4132 147.481
89.2643 95.6111 105.287
115.672 73.9669 115.925
100.684 131.529 95.3871
98.0966 176.571 103.416
85.9614 81.5769 151.733
72.1256 109.899 146.62
104.943 87.2213 169.904
85.5457 122.766 167.674
86.5781 138.457 163.402
121.121 90.5133 157.681
120.959 180.514 102.538
116.398 151.386 112.406
79.5 126.921 128.109
69.3207 140.472 114.497
84.3155 153.682 104.259
72.1818 110.487 134.374
71.5418 111.283 100.495
62.3897 119.661 110.099
87.4465 169.39 123.274
84.1196 165.675 131.012
88.4713 114.151 134.582
108.103 48.825 118.984
89.0393 152.991 86.7287
112.574 77.0092 125.957
91.7905 125.089 160.128
114.018 108.891 160.849
96.0348 165.481 114.429
86.9122 135.413 115.734
93.9065 149.807 131.214
83.723 124.305 101.255
100.676 68.8319 112.604
88.7478 168.71 139.141
100.412 190.942 136.401
106.95 166.127 160.186
76.6495 95.8333 144.294
96.6183 91.7807 156.814
97.7629 63.5258 129.374
102.88 67.0019 146.599
82.8535 80.384 125.322
80.6704 98.3116 108.571
98.4728 98.0165 110.054
83.3706 182.127 115.6
111.937 161.754 104.859
100.019 180.294 107.117
111.879 83.676 141.112
121.21 127.08 139.46
86.7179 114.481 160.36
87.3614 150.104 148.842
101.503 136.708 169.485
119.109 182.126 110.878
117.303 99.8449 150.919
70.9896 112.581 107.653
74.5433 104.854 125.126
76.2437 123.812 123.398
104.929 84.764 90.502
-nan -nan -nan
111.468 152.279 128.267
100.797 145.537 119.52
105.222 139.167 119.565
99.6787 124.636 108.036
100.417 139.389 104.694
115.786 157.586 114.413
-nan -nan -nan
143.239 152.739 127.561
153.873 146.025 117.863
148.611 139.034 118.608
154.605 123.468 107.793
153.667 139.156 103.604
136.794 156.817 113.388
150.776 200.195 112.276
168.444 68.0925 113.098
133.868 107.515 179.315
181.183 136.934 131.308
144.84 204.603 124.001
134.225 181.217 126.989
133.964 154.572 155.042
133.756 131.751 157.704
130.053 109.659 147.381
134.398 97.5784 128.614
131.916 69.0007 138.167
175.705 155.57 128.836
172.938 174.633 112.106
175.001 168.574 121.645
165.816 170.392 150.444
137.358 167.211 161.828
165.525 141.093 116.861
164.156 154.176 115.991
168.965 68.0412 135.074
144.172 59.7336 147.821
162.936 96.3619 102.742
138.13 77.129 116.944
152.954 133.665 93.092
156.515 179.54 105.367
174.366 90.8334 151.965
182.416 116.301 145.747
147.889 83.5907 170.827
169.158 121.569 166.116
167.066 134.456 163.736
131.908 88.2869 157.545
132.527 178.039 101.349
131.478 155.14 112.749
176.196 128.89 124.318
187.798 134.463 115.773
166.825 150.245 103.834
186.807 115.353 131.283
181.85 107.368 98.653
190.143 116.412 109.824
164.881 171.235 119.294
169.533 162.665 127.44
167.079 118.848 132.767
144.974 50.0747 121.18
166.788 153.73 87.1245
141.618 82.3117 126.119
162.238 123.919 158.904
138.692 108.223 159.879
158.812 165.392 113.649
168.353 135.481 113.458
162.022 150.06 128.827
169.007 123.723 98.552
153.313 69.0123 114.377
168.715 169.283 138.952
157.005 185.222 137.732
150.645 170.36 157.635
171.95 102.71 154.924
156.205 88.3583 159.99
159.289 65.7557 130.381
154.682 67.9669 143.232
170.719 81.3816 125.302
173.69 93.7333 107.217
156.035 100.452 109.524
169.274 181.595 120.397
140.682 163.382 104.837
151.962 181.483 106.269
143.828 83.2215 142.2
131.38 132.104 139.251
163.492 112.321 160.165
167.507 150.816 147.875
152.022 131.688 168.907
135.223 183.379 108.502
134.676 98.3716 151.405
183.372 108.578 106.91
179.211 108.447 123.915
180.642 124.342 125.136
147.266 82.7435 88.6424
