101.405 201.389 112.141
87.3947 68.3038 119.018
118.243 120.107 181.673
74.0019 141.352 132.641
 110.29 206.829 117.353
120.003 182.288 124.726
119.194 162.822 151.882
120.398  135.75 158.007
123.281 110.253 151.459
119.479 96.6361 132.015
120.761 68.5354 142.479
79.6191 160.807 127.411
 82.294 168.407 107.461
77.4258 174.788 121.816
90.8298  177.91 147.128
116.514 176.762 152.867
 90.803 140.962 117.462
90.4692 155.646 114.597
86.5046  70.325 138.624
110.806 61.8776 148.609
95.6606 94.4781 109.056
114.241 75.8987 122.905
 105.11 125.091  99.113
97.6581 175.827   101.1
84.6148 88.7915 155.907
74.8903 116.385 148.254
106.473 93.8674 173.524
84.4244 132.724 164.532
 87.719  146.54 163.066
120.512 94.2032 163.563
121.113 176.515 99.4861
117.663 153.492 110.648
 80.928 131.872 127.187
71.2749 140.614 110.634
87.4879  149.78 99.6598
72.9768 116.921 134.755
 76.457 107.374 100.777
66.7069 117.108 109.817
86.6599 171.587 113.368
82.7158 167.658 128.623
  89.22 119.119 137.242
106.211 51.9041 120.843
93.2168 142.995 84.8936
110.949 81.1952 132.034
92.6279 134.826 159.837
115.563 115.648 163.854
97.3116 164.307 110.472
87.7112 135.259  114.16
 92.496 154.228 128.399
87.8564 120.989 98.0715
101.528 68.0459 121.144
88.1041 174.497 133.966
101.411 192.722 131.665
103.389 175.726 152.993
74.0442 101.075 147.847
97.5196 96.6071 159.904
90.6867 66.7322 134.984
100.044 73.2391 144.567
 84.778 87.2431 128.135
87.7957  94.859 113.451
99.5473 97.3679 116.764
85.7513 184.982 112.774
 114.71 169.654  100.83
100.325 181.782 104.813
114.042 82.2435 148.001
122.827 128.691 140.297
92.9364 119.809 161.236
88.4695 156.536 145.976
101.132 142.941 166.702
120.013 180.304 106.262
116.122  102.06 156.524
74.9147   109.7 107.244
77.8775 110.415 124.989
76.7702 127.335 124.381
103.768 79.4566   94.37
   -nan    -nan    -nan
110.542 156.844 127.396
100.391 147.398 119.793
106.024 142.191 119.716
100.731 122.587  110.06
100.987 137.418 105.037
117.608 157.381 113.562
   -nan    -nan    -nan
144.223 156.042 127.457
154.033 147.178 119.037
149.223 141.806 119.729
154.841 121.796 110.851
154.084  136.58 104.888
136.159 156.754 112.368
150.703 197.357 106.868
167.948 68.5355 119.631
134.222 120.637  184.35
180.357 138.906 134.757
145.302 205.585 118.351
135.452 182.494 122.711
134.234 160.474 152.796
132.966 137.204 159.286
129.494 111.742 151.711
 134.07 97.6495 131.313
131.745 66.3875  140.25
177.558 160.812 128.433
170.378 168.945 111.172
176.429 176.146 123.032
163.897 179.994  145.92
137.698 177.287 154.141
164.697 141.631 117.859
163.557 155.262 115.268
168.394 68.3585 138.048
143.849 61.6951  150.68
 160.66 93.8826 110.313
137.503 78.4293 123.544
150.391 126.264 98.6068
155.856 176.232 101.443
169.357 90.0246 157.178
176.056 120.063  151.53
144.737 94.2056 176.122
168.119 130.696 166.552
166.424 144.833 163.092
130.902 91.6754 160.827
131.025 176.265 98.8471
132.373 154.672 110.811
171.977 131.081  128.42
183.064   138.8 115.716
165.909 147.172 103.136
179.695 120.079 138.487
180.202 108.991 103.359
188.007 119.863 113.603
 166.33   170.7 120.736
171.975 168.922 128.059
163.391 123.105 138.062
145.184  51.582 123.383
162.441 144.293 86.0745
142.315 83.2408 131.814
160.372 133.246 160.605
135.487  115.54 166.278
158.042 165.001 110.366
167.722 134.381 115.152
163.563     156 127.507
167.579 119.999 99.0991
152.064 69.6292 123.989
163.643 175.732   136.7
156.904 192.173 132.286
149.328 172.055 154.602
172.613 106.815 155.796
153.134  93.362 163.204
160.686 65.2715 131.042
154.757  69.797 143.493
174.429 86.7094 127.241
 170.37 92.6576 114.657
156.597 97.8928 116.943
170.362 181.351 115.682
139.271 162.496 102.422
150.306 177.188 103.778
139.897 82.7021  148.22
131.601 133.641 141.324
159.039 118.592 162.699
167.575 158.854 143.474
153.056 143.315  168.36
132.946 180.959  104.71
134.155 102.265 154.759
 181.52 110.779 111.927
175.748  106.02 131.599
 176.68 126.151 126.775
152.166 79.9613 94.9679