105.744 193.085 109.104
93.6718 70.5807 109.062
120.596 120.03 184.126
74.7881 137.139 132.975
110.58 200.882 116.575
119.527 177.032 126.093
120.794 155.783 151.528
121.013 133.147 157.634
124.051 110.068 151.423
119.968 100.132 129.626
121.346 75.5566 138.199
81.3057 156.09 127.561
83.2589 171.667 112.488
79.894 172.09 123.533
95.1942 176.558 145.34
118.587 169.157 158.131
91.3645 137.069 119.648
93.6935 150.16 116.768
89.7606 69.3964 127.818
108.957 68.4139 145.595
91.7075 97.3757 102.625
117.024 80.147 114.981
105.856 125.997 97.8238
100.02 172.216 103.853
84.8299 87.7486 155.718
73.6417 115.442 148.974
104.532 93.2392 173.575
86.6061 129.227 171.353
88.3348 143.91 164.869
121.018 94.4428 162.909
121.273 174.958 102.847
115.307 147.757 111.188
81.2571 129.261 125.243
70.5941 136.273 113.823
88.6654 149.169 101.815
69.3442 113.265 136.295
77.4875 110.537 98.2382
67.5365 115.789 110.728
88.5065 173.119 115.523
83.6741 164.619 124.796
87.679 115.219 138.499
114.33 56.8442 125.412
95.6251 145.957 86.0526
111.746 85.0608 125.524
92.227 131.631 162.694
115.052 113.191 167.475
98.5599 160.524 114.283
88.4602 132.925 115.4
94.4396 149.277 129.904
87.6033 120.165 97.2494
102.567 74.1117 112.598
92.1629 172.185 134.041
104.917 185.347 134.105
106.486 163.713 158.618
77.8122 101.975 148.063
99.2435 96.4933 159.345
97.9151 66.1632 122.409
98.012 75.8529 136.773
80.407 84.9977 120.544
83.1115 95.9491 106.051
98.7257 99.247 109.455
87.5586 184.973 116.969
113.674 162.109 105.246
101.519 173.29 106.197
111.14 86.8611 143.539
123.391 125.14 140.252
89.5397 117.623 164.817
87.4193 152.382 144.48
100.82 142.063 167.335
118.642 177.446 109.987
118.604 103.534 156.112
74.893 111.782 106.761
78.9461 109.811 124.229
76.5942 124.754 127.131
106.263 86.293 90.0339
-nan -nan -nan
113.592 149.132 129.528
102.381 140.98 120.873
107.333 136.568 120.389
100.67 121.368 108.764
103.481 135.942 104.748
117.124 152.435 115.137
-nan -nan -nan
140.471 149.808 129.572
152.173 142.757 120.674
147.406 137.944 120.301
153.628 123.818 109.284
149.906 139.148 104.312
135.013 153.05 115.608
149.705 196.329 110.298
163.949 74.8032 107.991
133.936 118.526 182.823
179.11 139.533 131.914
141.109 200.769 121.927
132.577 178.153 128.807
132.828 154.02 155.544
133.902 130.668 157.942
129.987 109.637 151.977
134.983 100.86 128.374
132.772 72.6315 138.741
173.256 160.017 127.803
170.382 174.908 116.453
170.05 178.68 128.12
159.443 173.15 148.046
135.388 170.196 157.197
163.405 142.285 116.867
159.657 153.309 114.891
164.744 72.4884 128.712
147.9 69.5052 146.402
159.141 100.393 103.354
135.856 83.2951 116.904
148.069 131.732 96.3135
152.932 174.813 105.256
171.337 92.3404 154.373
182.135 119.305 146.144
146.013 91.9754 174.701
168.947 131.2 169.149
165.317 143.708 164.822
131.592 93.3551 160.636
131.266 174.015 102.551
132.553 150.68 112.919
176.38 132.829 125.007
184.148 137.611 116.021
163.113 150.525 102.739
184.117 117.363 134.999
178.657 109.888 101.16
186.886 119.376 111.51
163.756 174.038 120.579
169.144 167.893 127.321
165.749 122.371 135.727
141.107 60.7842 119.774
157.211 150.283 86.4868
143.342 87.9795 125.964
161.314 131.333 162.487
138.867 111.848 166.15
155.068 162.38 113.722
167.007 136.692 114.887
159.016 153.305 127.86
167.537 126.437 99.4254
151.552 75.5462 113.057
160.824 168.721 138.189
149.073 184.214 134.532
146.81 166.714 156.791
176.325 109.043 156.338
154.418 97.3505 161.371
157.572 69.5924 123.959
155.445 76.5526 139.189
169.582 85.4988 122.218
168.969 97.8573 108.758
154.596 103.66 108.78
163.54 182.918 116.62
139.19 161.791 106.995
150.365 176.18 107.717
142.634 87.6655 142.967
132.376 123.33 141.291
164.161 117.394 168.727
168.138 152.421 141.919
152.879 141.489 166.844
131.037 174.984 107.713
134.478 101.599 153.717
179.91 114.206 107.339
173.882 110.424 128.474
179.232 128.859 126.335
151.029 87.2812 90.1758
