104.625 200.218 109.693
89.8492 69.2256 118.53
121.941 121.491 182.801
74.5185 137.921 135.369
111.843 207.5 118.324
120.766 182.627 126.593
120.746 159.353 152.772
120.799 134.455 157.196
123.688 110.118 152.085
120.374 101.154 133.34
122.724 74.0914 146.512
81.789 157.052 122.562
85.1954 174.123 106.731
78.9579 172.937 117.349
91.5796 176.813 145.308
118.234 175.868 156.232
94.3287 141.279 117.806
94.2745 154.256 114.953
94.7169 63.481 140.241
118.218 64.3284 154.357
98.0673 93.2985 111.624
118.72 79.4413 124.258
105.784 127.874 100.039
99.9035 177.832 103.107
86.8937 86.861 157.488
77.1061 116.262 152.318
110.76 93.9433 178.851
90.2234 130.192 170.413
90.7998 143.893 165.738
121.867 95.5421 163.274
121.434 179.822 101.935
118.22 153.854 111.935
85.2505 130.202 126.279
73.2738 135.539 116.625
89.3388 150.239 104.491
72.4768 115.892 138.098
79.5489 109.278 102.626
70.4151 109.823 114.18
91.132 173.995 112.401
83.754 168.623 120.77
91.4955 117.864 140.351
112.486 53.8365 127.297
92.7292 146.91 88.5477
114.309 83.5811 132.752
96.1542 132.896 163.369
115.681 114.659 165.406
100.136 165.075 110.946
91.3859 134.541 116.099
95.2848 152.336 128.671
89.6706 120.95 102.177
104.179 72.4758 122.954
86.5651 169.105 133.695
100.995 186.142 133.665
104.057 173.253 155.244
82.644 105.622 155.136
100.801 96.1145 163.89
100.926 62.667 137.012
107.673 70.474 150.722
89.0702 79.0649 131.302
88.5546 98.5567 111.84
102.436 97.3548 117.94
88.126 185.305 112.775
112.432 163.341 105.349
103.687 181.452 105.212
112.205 85.8814 149.998
122.952 124.222 140.321
95.1963 118.638 166.048
88.7195 150.631 145.179
105.147 143.972 168.381
120.134 183.638 108.236
118.025 101.659 155.484
78.3217 108.507 110.051
81.1513 104.984 129.242
81.976 124.411 126.868
105.395 84.4816 96.7086
-nan -nan -nan
112.811 153.978 128.829
103.516 146.72 120.442
108.145 141.151 120.278
103.019 124.533 110.148
104.003 139.617 106.117
117.591 158.2 114.143
-nan -nan -nan
142.548 155.793 127.104
151.896 147.381 118.529
147.086 141.988 119.806
150.326 124.36 110.646
149.742 140.141 105.253
136.391 158.418 112.722
148.443 201.189 108.842
165.766 70.7935 120.278
133.144 127.511 183.908
179.758 138.211 133.727
142.556 207.23 119.492
133.978 183.827 125.195
133.382 161.74 150.664
132.901 138.22 159.308
129.874 112.924 154.384
132.108 100.774 134.42
131.675 76.838 147.847
175.466 154.811 122.38
170.841 180.146 107.159
175.491 175.209 118.759
164.453 176.892 143.29
135.392 178.257 155.418
162.105 142.009 117.43
162.09 155.115 113.998
159.747 66.5844 143.235
139.269 68.9544 159.808
160.082 93.7443 108.596
135.573 82.3072 123.975
147.489 129.228 99.2914
153.578 179.399 102.847
169.118 91.9621 158.573
179.754 116.26 150.439
141.578 96.0374 179.527
165.649 129.858 167.396
163.221 144.188 164.381
132.078 97.2673 166.761
130.6 178.945 100.894
132.523 155.525 111.472
173.119 132.746 125.229
182.644 134.206 117.225
157.995 150.3 103.234
180.209 117.215 137.252
176.481 111.101 102.593
183.447 114.406 112.805
165.684 177.374 114.276
172.112 166.201 121.252
163.85 123.006 137.471
144.203 56.1315 132.097
160.585 149.532 88.6233
139.149 87.7383 133.423
157.714 132.907 162.2
137.11 118.036 166.341
156.301 165.297 111.309
163.701 134.836 115.153
160.937 153.878 126.019
165.515 119.164 101.52
151.598 73.5204 122.529
167.212 170.4 135.957
155.431 187.147 135.456
148.508 177.766 151.648
169.766 108.777 161.887
152.553 94.4773 166.254
154.753 65.6743 137
148.502 72.2854 152.952
166.887 76.3935 134.269
167.694 97.3914 113.492
153.231 102.691 114.108
165.972 186.6 115.763
138.667 166.239 103.431
150.09 180.706 105.358
143.102 88.7752 150.625
130.662 134.449 140.944
158.797 119.845 163.68
167.836 151.927 141.27
150.281 148.627 169.452
130.725 176.564 107.12
135.027 104.864 158.125
178.873 110.591 108.9
172.38 103.492 131.02
174.631 127.318 124.433
146.885 83.9792 96.8299
