105.799  197.94 108.538
90.9426 72.5418 116.765
118.079 125.925 183.135
76.4534 137.976  132.11
112.863 203.425  117.53
120.399 180.169 126.005
 120.89 160.137 152.472
121.047 138.505 159.062
  124.2 111.074 150.518
121.154 101.393  129.55
122.653  74.714 141.794
77.9838 156.023 128.659
83.6667 171.398 107.941
80.3545 170.462 121.954
94.5819 180.746 141.723
119.202 175.432 154.676
92.0446 139.496 119.229
92.0967 152.807  114.34
95.4409 69.8352 139.007
115.419 67.2367 152.307
96.4298 94.2571 108.138
117.416 82.4418 119.795
105.208 126.521 99.0221
100.011 175.097 101.882
86.1297 92.8634  156.53
75.5936 117.991     149
106.608 98.9913 176.749
86.1261 130.299 166.229
89.0068 142.441  165.33
121.997 98.5461 163.326
121.195 178.778   101.7
113.318   148.7 110.123
83.3444 130.116 124.219
 72.914 136.058 113.211
90.9476  148.33 100.195
74.1309 113.399 138.142
81.3344 105.827 104.168
73.5343 110.226 115.654
 87.376 172.956 114.516
 85.715 162.322 126.439
90.6322 117.846 138.746
113.766 58.1047 122.943
92.1309 142.949 86.8135
110.777 87.1541 129.151
93.9265 132.635  160.88
116.783 119.812  165.72
 97.299 161.915   109.8
89.3222 134.579 114.852
93.1782 151.597 128.877
91.2629 117.152 102.745
101.494 74.3772 116.221
87.8755 167.006 139.985
102.571 188.379 134.953
106.828 169.407 158.798
79.1401 103.615 155.226
 99.045 102.366 161.638
100.634 70.5732 133.014
104.917 74.5791  146.31
84.6302 85.3623 127.621
83.5488 94.1691 111.765
103.315 97.7302 114.002
86.5965 183.799 113.722
114.072 162.398 102.723
102.548 177.076 105.228
 112.63 88.1829 148.244
 123.15 121.721 140.808
91.3398  121.37 162.778
87.8982 151.246 145.431
101.302 143.905 171.207
119.621 180.853 110.529
117.939 105.982 155.039
81.0429 107.833 112.148
81.9777 108.399  127.75
78.0089 124.948 123.473
105.998 86.7163  94.115
   -nan    -nan    -nan
110.615 154.315   128.3
101.849 146.118 118.752
106.696 139.954 119.849
101.977  124.83 108.044
101.906 137.854  103.96
116.448 156.797 113.428
   -nan    -nan    -nan
140.698 154.996 129.327
150.356 146.926 120.993
145.917 141.633 121.018
150.131 124.287  111.29
149.809 139.094 106.831
135.198 156.677 114.622
148.348 199.167 106.246
166.314 72.5591 121.181
134.827 123.321 182.896
177.852 137.934 134.451
142.504 203.282 116.889
133.736 181.969 124.136
133.301 162.061 152.353
132.647   140.1 160.748
129.634 113.774 152.216
132.337 100.753 130.119
131.808 73.8657 144.583
172.581  155.56 127.143
 171.16 170.525 113.459
174.917 169.315 124.654
 165.44 176.124  142.21
136.477 176.118 155.752
162.242 140.997 119.296
160.744 154.378 116.429
165.977  75.855 142.081
141.032 71.4293 157.834
158.331 87.2186 111.103
135.878 79.4716 120.374
148.988 128.922 99.6075
154.635 176.468 103.035
 169.13 92.3037 156.353
175.377 115.747 157.494
143.146 95.8142 178.558
166.161 130.318 168.813
162.196 142.415 166.738
131.253 97.4458 163.195
132.033 177.519 100.119
131.133  155.06 111.236
169.784 129.747 127.969
182.501 134.309     118
162.816 148.256 106.087
177.279  116.91 139.046
172.701 107.575  106.27
181.174 111.174 115.509
165.851 172.454 120.643
169.488 162.552 129.078
160.529 120.428 139.233
146.254 60.1728 130.253
162.661 146.573 90.4386
142.793 88.4956 130.303
158.407 132.648 161.125
136.242  118.86 165.373
156.483 165.442 113.677
163.906 133.696   116.6
159.199 152.741 129.338
162.616 114.122 105.341
152.537 73.5272 119.377
169.052 171.436 134.569
154.693 184.206 137.776
149.805 169.596 157.346
169.338 104.221 158.479
152.426 96.8206 165.667
158.258 72.7689 136.185
151.441 77.7392 151.042
165.496  86.091  130.96
165.227 94.2311 114.052
151.199 100.502 113.487
167.595 183.329 116.811
138.437 164.207 104.276
151.327 179.622 105.827
141.947 91.4864 147.092
130.134 142.665  138.34
 160.82 118.835 167.173
169.002 151.762 142.854
 153.03 144.331 165.039
 133.74 183.311 106.643
133.969 105.901 156.553
 173.97 107.115 113.131
173.917 107.875 130.733
173.041 124.426   129.3
146.477 86.4555 95.5282