104.667 201.103 109.834
89.1113 70.022 118.201
121.939 120.562 182.595
74.5009 138.111 135.002
113.428 207.86 116.78
120.64 183.547 125.618
120.802 160.651 151.913
120.577 134.975 156.983
123.561 110.568 151.595
119.919 100.867 133
122.624 74.124 144.644
81.5994 157.141 121.937
85.1285 175.318 107.021
79.2509 173.645 117.099
92.0957 178.764 143.871
118.054 176.795 155.6
93.596 140.418 119.034
94.3699 155.25 114.059
94.7656 63.4893 139.35
118.157 63.9665 153.295
98.0792 94.0138 110.751
118.259 78.9443 123.297
105.908 127.832 100.252
99.8092 179.212 103.034
87.0785 85.9949 155.837
77.7994 114.85 152.204
111.106 93.8237 178.031
90.2049 130.519 170.028
91.4281 143.621 166.378
121.406 96.4424 162.061
121.796 181.846 101.998
116.777 154.041 111.076
85.5373 130.189 125.932
73.0518 136.172 116.537
89.8515 150.655 103.695
72.7473 116.146 137.228
79.8243 110.153 102.827
70.5824 109.448 114.175
91.7889 174.594 112.956
84.6976 168.911 121.181
91.394 117.961 138.91
111.897 52.8834 128.655
92.5353 147.693 88.8384
114.081 83.6944 132.252
96.7122 132.775 163.69
115.29 115.247 164.989
100.326 165.443 110.418
91.2303 135.017 115.43
95.4544 152.88 128.117
89.9336 122.305 101.415
103.533 71.9896 121.837
87.0382 168.632 134.808
100.562 185.811 133.293
103.976 173.352 154.841
82.9088 105.834 153.961
100.822 95.4033 162.675
100.913 63.0127 134.529
107.703 70.1869 149.353
88.5156 78.9703 130.994
87.8029 98.049 111.128
102.168 97.03 117.451
88.3939 185.678 112.417
113.24 164.451 104.767
103.85 182.539 105.307
111.736 85.8526 149.628
122.645 124.358 139.928
95.2982 118.376 166.014
88.974 150.843 145.334
105.227 144.116 168.309
120.034 185.399 108.37
117.839 102.122 155.029
77.0282 108.718 110.268
80.7915 106.853 127.545
80.263 127.642 125.465
105.263 84.9987 95.9241
-nan -nan -nan
112.916 154.375 128.513
103.266 147.071 119.836
108.033 141.32 120.256
103.133 124.372 110.146
104.434 140.15 105.534
117.573 158.469 113.595
-nan -nan -nan
142.522 155.503 127.407
152.01 147.839 118.381
147.276 141.924 119.367
150.473 124.894 110.416
149.736 140.394 105.224
136.247 158.092 112.729
147.12 201.939 109.149
165.448 70.1636 119.971
133.042 126.97 183.728
180.5 139.409 133.746
143 207.818 120.241
134.007 184.017 125.747
133.351 161.936 150.54
132.731 138.114 159.351
129.788 113.324 153.678
132.12 101.064 133.584
131.697 77.1749 146.449
175.177 155.105 122.381
171.641 180.023 108.084
175.593 175.522 118.99
164.204 178.008 143.182
135.432 178.469 154.868
162.566 141.791 117.616
162.388 155.598 113.763
159.214 66.2395 142.423
138.79 69.3691 159.46
160.205 95.0762 107.878
136.358 82.7752 123.062
148.46 129.286 99.27
154.646 180.696 103.171
169.989 92.3993 156.949
179.088 119.024 150.393
141.61 96.1389 178.944
166.105 130.107 166.817
163.259 144.484 164.227
132.039 97.1258 165.498
130.704 179.379 100.564
133.688 155.236 110.935
172.695 132.41 125.54
182.804 134.777 117.235
160.019 150.795 102.678
180.679 116.679 137.794
177.197 109.928 103.425
182.892 111.885 114.975
165.848 177.274 114.784
171.128 166.086 121.407
163.692 122.42 137.018
143.74 56.1789 131.727
161.082 149.538 88.9912
139.437 88.0425 132.938
157.901 132.988 161.669
136.866 117.641 165.97
156.598 165.866 112.047
164.217 134.494 115.217
160.53 153.712 126.093
165.691 121.026 101.058
151.271 73.7168 121.891
167.265 171.564 136.153
153.835 188.313 134.401
148.327 173.535 154.8
170.255 108.122 161.226
152.466 95.4655 165.801
154.544 65.9295 135.814
148.022 72.4085 151.891
166.929 76.9764 134.032
167.622 98.0993 112.77
153.842 102.742 114.07
166.159 186.458 115.372
139.787 164.204 104.408
150.154 181.322 105.152
143.16 88.6434 150.149
130.76 134.877 139.613
158.971 120.31 162.906
167.853 151.869 141.661
150.123 147.788 169.077
130.783 181.661 106.478
134.771 104.894 156.647
179.229 110.353 108.838
171.742 104.887 131.047
174.606 127.354 124.444
147.071 84.4706 96.3254
