102.838 205.898 107.964
83.1025 66.9192 106.978
119.443 110.491 184.119
70.3402 136.841 132.798
111 213.026 114.926
120.878 186.472 124.505
120.739 161.998 151.52
121.031 131.258 160.237
124.268 100.849 147.743
119.059 94.1557 120.882
118.725 62.4766 139.508
76.7582 158.259 126.907
79.0212 179.515 107.556
77.1077 177.36 122.602
90.4656 179.655 149.602
118.196 175.077 159.929
88.3191 139.263 113.596
90.2002 155.352 112.705
85.8109 64.4431 129.884
106.271 57.199 143.489
86.5804 93.0333 99.4815
114.218 70.7818 110.25
103.778 130.792 91.3521
97.3582 179.71 100.623
84.3121 83.504 156.603
74.7258 112.88 150.332
106.982 84.2754 172.955
85.119 124.514 171.987
87.0989 138.434 167.648
120.842 83.4344 158.359
121.555 179.823 97.4228
118.363 150.682 105.146
73.7145 127.511 123.262
67.5596 140.451 109.702
86.6945 154.551 96.6304
68.0662 112.001 135.941
72.2878 116.036 95.734
64.3625 119.368 106.902
86.1926 176.467 113.163
82.7384 171.452 124.845
85.9779 112.928 134.838
106.343 47.9185 115.488
89.077 149.037 80.1699
109.52 72.3034 120.892
92.2097 125.534 163.527
117.378 106.082 165.234
96.6173 165.686 108.806
84.2266 136.233 109.969
91.6766 152.611 126.528
84.96 123.274 92.6672
96.934 68.3302 104.317
88.7896 174.958 135.649
100.33 193.622 136.42
105.23 167.697 160.183
79.8358 97.0406 149.36
100.884 87.1247 162.36
90.0886 61.3708 124.55
95.2714 68.8617 141.013
71.268 79.7951 117.793
79.502 96.7007 105.379
96.7339 96.7547 102.666
85.1964 189.009 116
113.444 164.658 99.4464
101.125 183.376 102.031
110.431 77.8666 135.977
122.337 106.734 132.518
92.1496 111.657 163.606
84.0811 148.256 145.62
99.5534 137.878 171.091
120.511 185.368 105.218
117.927 93.1331 153.432
71.1209 109.364 106.224
76.6475 105.677 123.188
72.1457 121.765 119.396
103.18 79.552 85.3794
-nan -nan -nan
109.86 150.258 127.866
100.483 144.367 116.029
105.426 138.645 114.493
98.4585 123.761 102.229
101.459 139.143 98.5732
117.448 156.278 109.274
-nan -nan -nan
145.473 150.749 125.241
155.085 143.103 115.028
149.878 137.532 114.553
155.081 120.165 103.819
154.33 137.329 97.9317
139.464 154.084 107.952
146.737 202.562 104.437
174.366 66.884 103.405
132.774 105.105 184.257
183.484 135.06 131.357
145.211 210.23 120.582
134.597 185.634 125.241
133.718 156.571 154.985
132.106 128.902 160.837
129.326 101.752 147.883
134.06 89.4378 120.684
131.432 57.6928 134.5
178.327 155.624 125.059
177.066 172.518 112.353
176.601 177.385 127.241
163.657 173.915 149.018
136.386 172.035 161.71
167.526 137.027 114.139
166.316 154.035 110.855
170.179 61.4218 125.131
143.079 55.7346 144.878
166.143 84.2919 98.2096
135.969 68.39 109.062
151.059 131.133 92.3903
157.411 177.594 99.0952
170.408 79.6089 154.697
180.168 114.581 146.511
145.154 81.8777 174.205
168.567 120.737 168.657
168.938 137.219 163.754
130.49 80.5587 159.814
132.498 176.282 96.7942
133.416 154.471 105.78
180.158 125.842 121.749
187.895 135.239 112.791
169.469 150.551 97.8664
185.516 113.288 133.216
186.672 118.67 93.2112
191.296 114.574 108.376
170.208 173.959 121.009
169.517 163.867 123.531
166.89 114.773 133.299
147.938 48.3173 110.171
165.744 150.321 80.8486
142.762 70.6161 119.924
161.281 122.292 162.09
135.98 103.071 166.183
160.532 164.961 107.397
170.615 132.26 109.317
163.392 151.829 124.759
172.784 119.353 93.597
151.254 65.4811 100.514
164.687 171.231 139.642
153.15 191.722 135.722
148.758 164.278 162.245
175.366 105.675 158.369
154.411 85.1899 161.594
162.01 58.9752 120.91
153.939 63.6904 138.634
173.771 78.6223 115.982
183.174 93.759 99.0345
157.398 96.8167 101.23
170.001 186.073 116.17
141.191 162.707 98.8569
154.033 178.895 101.535
141.217 76.2037 138.95
131.921 115.564 134.699
160.462 110.169 164.898
170.047 150.331 143.692
151.367 131.834 171.841
133.044 186.72 103.646
132.809 91.7795 152.978
185.057 110.594 103.289
176.768 100.458 125.894
182.55 121.085 122.941
152.635 80.4336 84.6394
