101.474 200.505 114.187
87.4228 67.8681 114.197
117.837 116.338  180.37
72.4471 139.294 132.012
110.569 206.628 119.422
119.784 181.191 125.927
119.044 160.167 152.325
120.233 133.128 156.627
123.361 108.694 149.147
119.498 95.7641 128.962
120.922 67.0197 138.328
78.9357 159.577 127.145
 81.978 167.902 107.323
76.3945 174.102  121.92
91.1036 178.349  146.68
116.467 173.111  154.49
91.1919 139.723 116.122
 89.905 154.709 113.871
86.5183 68.6187 134.538
 110.97 59.7518 143.753
96.0405 94.5733 105.969
114.306 75.1121 119.057
105.475 125.725  97.324
97.8395 176.695 101.998
83.7073 85.8478 151.994
73.4971 113.776 146.486
105.452 91.6127 170.723
83.6984 129.068 164.856
85.7948 143.926 161.939
120.552 91.7235 160.167
121.092 176.057 101.224
116.905 152.565 110.816
80.3539  130.58 125.985
70.7871 140.626 109.968
87.4841 149.308 99.8831
71.5932 115.188 133.053
 76.711 107.924  98.393
66.5151 117.235 107.751
86.3684  171.25 114.096
81.9326 166.157 129.261
88.3162 117.038  136.12
106.268 51.2219 115.529
 91.589 143.966 84.2295
110.991 80.1492 128.046
91.0165 132.444 158.217
115.654 112.833 161.538
96.8229 163.691 110.895
86.9374  134.97 113.161
91.9278 152.389 128.434
88.1115 120.619 96.1903
101.914 67.3273 117.425
86.8523 173.859 134.118
100.123  188.93 131.947
102.536 173.613 153.784
72.5676  98.973 145.212
 96.281 94.1951 156.683
90.4202 65.9635 131.043
  100.1 71.2376 140.247
  84.86  86.535     125
87.3474 94.1057 109.922
 99.894 96.9048 113.957
84.9443 184.276 113.642
113.631 165.951 101.937
100.331 181.849  105.87
114.097 79.9403 144.898
123.012  128.23 139.996
91.4185 117.101 159.191
 87.413 154.394 145.987
 99.771 140.376 165.579
119.296 181.271 107.961
116.536 99.6923 153.536
74.9387 107.508 105.654
77.1491 109.555 122.844
77.9704 124.781 123.003
104.391 79.6228 90.9126
   -nan    -nan    -nan
110.075 155.534 127.711
100.945 145.713 120.328
106.276 140.489 119.515
  100.9 121.706 108.793
100.991 136.276 104.267
117.338 157.312  113.69
   -nan    -nan    -nan
144.583 155.462 126.674
153.485 146.761 119.472
149.485 140.682 119.162
154.814 120.905 109.375
154.251 136.149 103.625
136.489 156.011 112.049
150.767  197.53 108.555
168.416 68.3403 116.326
134.774 117.845 182.625
180.859 137.379 133.359
145.964  204.54 120.737
135.495  181.95 123.734
134.473 157.757 153.063
133.368  134.32 158.192
129.409 107.748 147.604
134.648 96.4201 127.607
131.692 65.1162 136.442
178.441 159.376 128.078
 171.15 168.649 111.539
177.706 175.363  124.12
  165.1 178.287 146.316
137.663 173.579 155.833
164.877 140.126  117.48
164.049  154.97 114.839
168.534 68.0705 135.952
143.957 60.2089 146.577
 160.38 93.5225 107.135
137.507 77.3824 119.719
149.466 125.898 97.2196
155.368 176.182 101.951
171.645 89.6034  152.93
177.377 118.236 148.951
145.935 91.3609 173.033
169.345  128.03  165.41
168.264 142.489  162.49
131.115 89.2141 157.859
130.858 175.827 99.4491
132.132 154.681 110.681
172.628 130.949 125.964
183.087 138.273 114.571
 164.89 147.501  102.06
 180.54  118.54 136.159
180.474 108.585 101.602
187.828 119.344  112.26
167.436 169.461 121.427
173.297 167.724 127.946
163.892 121.114 136.265
145.391 50.6199 118.991
161.981 144.695 85.2326
142.472 81.2282 128.228
161.031 130.268 159.948
 135.72 112.403  163.63
158.138 164.602 110.546
168.016 133.936 113.451
164.118 154.345 127.378
167.804 118.828 97.5768
152.203 67.6915 119.203
165.031 173.628 137.503
157.352 190.657 134.089
150.293 173.014 153.712
174.284 104.175 153.373
153.365 89.6202 160.132
161.053 64.3494 127.595
154.652 68.8653 139.735
173.686 86.0037 124.547
170.296 92.6091 111.749
156.415 97.5527 113.627
 171.05 181.023 116.523
139.435 162.793 102.669
150.381 177.618  104.63
140.279 80.8969 144.361
131.672 131.244 139.472
  159.7 115.411 161.555
168.528 156.963 143.678
154.044 140.299 167.456
132.856 181.676 105.609
134.396  99.879 151.494
181.905 112.304 108.943
175.702 105.732 127.886
177.527  125.12 125.368
151.309  80.142 91.6148