104.194 194.836 108.719
97.7665 67.0857 113.455
119.575 120.178 179.362
70.7235 137.541 130.487
 113.26 200.754  116.93
119.759 179.343 125.754
119.832 157.997 152.108
120.953  135.87 158.575
123.731 114.998 153.108
121.989 103.621 130.299
123.828 78.2468 144.498
 79.951 157.641 129.674
83.1121 166.332  110.87
81.1292 172.578 125.956
93.7831  176.21 146.622
117.312 169.686 158.131
90.9116 136.519 116.808
90.2387 150.051  115.54
94.4583  67.222 134.036
113.321 70.3687 153.108
94.6909 90.4709 106.572
122.216 75.8766 119.493
 103.44 124.966 98.1929
98.9436 172.214 103.112
84.1422 88.0272  151.85
72.8542 115.614 146.724
103.036   95.12 169.795
85.2739 127.983 167.485
86.0813 141.407  161.17
 120.78  98.374 162.422
121.731 173.239 101.104
114.627 147.657 112.179
81.3891 126.862 123.464
69.1853 132.124 115.074
87.8906 145.481 101.011
69.8387 112.633 134.575
76.9254 104.957 102.088
68.4271 110.923 109.417
87.7254 170.107 118.496
84.1488 162.938  131.19
86.9585 115.784 137.513
118.425 56.4566 128.096
89.1162 143.665 87.6352
114.531 82.6369 129.937
90.6881 130.743 159.374
115.331 115.829 163.897
96.6731 161.073 111.902
86.8749 130.872 113.435
91.3242 150.018 129.034
86.0598 118.727 99.7337
111.156 69.2191 117.972
92.9661 170.723 135.766
101.868 186.414 134.448
104.359 169.182 157.431
73.1221 102.064 147.974
95.9454 96.8655 156.268
102.213 63.9496 132.158
103.334 74.4027 141.892
 83.846 78.1692 125.612
82.0075 89.5311 108.875
102.147 95.6454 112.064
 87.453 178.821 113.368
113.204 158.115 102.931
103.402  175.95 106.124
111.859 90.3169 145.265
122.062 126.048 139.701
 91.079  117.51 160.949
83.8966 152.277  146.54
99.3365 140.825 163.975
118.638 175.533 109.118
118.524 106.673 153.964
 76.025 106.859 106.975
75.3954 105.768 124.167
75.0968 122.088 122.841
107.389 85.9941 92.5269
   -nan    -nan    -nan
109.618 151.819 128.924
 102.22 141.435 123.404
105.892 136.634 121.437
99.5701 120.991 107.802
 100.76 133.928 105.089
115.527 153.962 114.151
   -nan    -nan    -nan
142.295  155.24 128.051
151.452 147.976 121.778
147.863 140.694 121.487
153.965 122.262 111.658
152.578 135.704 107.162
135.835 154.683 114.134
146.781 194.795 106.056
169.088 76.8981 120.314
132.724  124.47 179.977
180.622 139.861 135.412
143.318 201.936 119.037
 134.14 180.102 121.688
133.196 163.669 148.567
133.008 140.933 158.212
129.837 118.201 153.061
 133.82 104.242 132.502
136.189 82.7657  152.05
175.085 159.749 127.176
171.011 173.806 114.001
173.649 177.908 125.635
160.876 179.827  145.31
136.121 176.205 153.102
163.973 142.027 117.619
162.737  154.02 114.837
169.516 78.3976 138.574
150.119 75.5257 155.037
163.085 94.9515 109.802
138.076 84.2474 125.129
  150.5 125.818 100.436
154.992 174.221 103.583
175.281 97.7419 154.647
 178.42 122.906  156.17
149.776 101.412 174.952
166.412 136.358 167.928
166.746  148.74 160.982
 133.57 100.828 165.346
131.691 173.773 100.184
130.834 153.209 112.844
174.395 135.834 125.322
 184.63 140.597 116.572
163.935 146.913 104.558
182.839 123.746 141.904
180.344  112.34 104.538
187.587 120.596 114.542
166.627 174.363 119.995
170.783 167.193  128.94
165.837   125.9 139.263
146.535 61.9562 130.469
163.179 144.138 88.4534
143.121  88.109 134.885
 160.27 136.246 160.467
137.467 119.869 164.996
156.626 163.218 111.772
166.882 134.941 115.697
161.636 154.918  127.48
169.672 117.481 101.742
155.808 77.7267 125.156
160.764 172.798 138.845
152.951 188.754 140.057
  147.2 171.024 156.842
 177.81 110.761 151.588
159.916 104.171 162.212
161.609 75.1966 137.016
156.504 81.6344  146.48
176.306  91.417 124.122
171.661 98.9858 114.731
155.044 101.963 114.971
162.311  184.89 117.392
138.677 159.487 103.736
151.754 174.598 106.316
145.914 95.0533 150.003
130.796 141.517 137.358
159.441  123.72  167.35
167.822 157.587 143.672
 152.68 146.608 162.794
133.356 174.982 106.447
134.932 109.098 156.146
 181.53 114.476 112.328
177.587 113.805 128.165
176.525 129.647 127.844
147.628 86.2755 96.1931