103.595 199.047 111.433
93.0545 63.6897 115.269
 121.34 113.654 177.941
74.4741 134.991 132.063
108.768 204.457 119.668
120.008 180.631 125.883
120.243 154.955  150.76
119.576 131.221 154.629
122.623 110.158 148.294
119.821 100.771  128.63
123.315 63.8318 136.641
79.6787 156.375 126.869
 84.667 172.058 109.668
79.7106 172.408  120.56
90.1462 173.103 146.687
 118.61 169.286 157.298
91.5322 138.904 119.541
93.2724 154.309 114.579
90.5909 61.8001 132.172
112.911 56.5057  145.16
91.9813 92.6009 106.468
116.474 76.1802 118.484
102.506 125.106 95.8603
100.471  177.06  102.96
90.3323 79.4513 156.825
74.2633 109.715 149.896
110.656 84.5324 171.039
86.0717 124.691 164.692
88.8803 137.924  162.77
121.511 90.8667 156.901
121.929 182.053 101.813
118.446 151.641 110.553
81.1868 129.248 123.757
72.6289  137.61 112.924
90.7617 150.933 101.002
69.8786 109.985 135.325
73.3502 105.936  101.36
67.8483 110.927 115.055
87.8502 174.718 117.035
86.8137 164.402 122.137
86.7158 114.279 135.798
110.922 52.0578 117.581
91.7592 148.959 86.0715
115.026 79.6208 126.667
92.9736 127.757 158.717
114.895 110.965 160.328
98.3093 166.011 111.731
88.5339 136.093 112.671
93.6571 150.463 129.802
85.1915 118.532 100.208
104.392 67.6315 118.944
87.3622 170.551 133.967
101.723 188.578 137.287
104.638 166.814 157.572
82.1271 96.2238 151.972
101.306 89.1713 159.186
 97.246 56.3043 128.953
101.752 65.8923 142.884
84.1736 77.3289  126.82
 84.927 89.9513 112.319
 99.687 96.8962 112.946
86.9439 185.319 113.256
113.951 163.415 104.107
103.225 180.173 105.727
114.742 75.8433 141.932
123.775 130.528 136.101
91.5933 113.807 160.657
85.2927 149.733 143.729
100.038 137.733 163.675
119.891 183.084 110.005
116.844 99.2838 152.911
73.5597 108.592 109.356
78.7182 106.096 126.165
76.1925 122.283  126.26
103.004 83.2778 93.8125
   -nan    -nan    -nan
110.252 152.131 127.939
101.409 145.406 118.758
105.916 139.093 118.629
102.689 123.041 107.332
101.745  139.39 102.986
116.921 155.814 113.419
   -nan    -nan    -nan
143.078 155.149 128.111
151.244 148.522 120.144
147.637 140.821 120.401
152.484 124.673 108.211
 152.13 139.697 103.988
137.047 157.892 114.005
148.484 201.424 110.158
164.897  68.837 116.858
132.415 112.809  177.71
179.692 140.672 133.604
 142.98 205.897 121.504
134.423 182.593 126.766
133.209 154.864 153.221
133.518 131.878  156.52
 130.78 109.887 147.356
135.283 100.655 127.994
131.832 71.7377 138.251
173.938 157.767 123.065
171.069 176.996 109.945
175.858 175.145 120.539
164.654 176.405 145.311
135.261 172.983 156.562
160.454 142.743 116.301
159.283 155.938 114.412
166.903 70.9887 135.059
141.631 61.2202 146.791
158.448 95.1811 108.562
135.541 82.3828 120.993
152.807 127.173 95.7715
152.532 179.418 102.576
172.785 91.2886 153.848
179.969 120.048 149.841
 145.77 87.5505 171.063
166.752 128.722 166.464
161.037 139.888 167.015
131.804 89.9251 157.966
131.617 181.674 102.758
132.655 154.857 112.953
 173.84 134.766 124.598
 181.36 140.868 114.025
 162.02 151.085 101.101
183.843  119.71 136.354
180.886 106.133 104.666
185.418 117.173 114.537
 166.76 177.249 116.127
 171.55 168.469 121.136
164.965 123.489 136.479
144.738 58.0472 121.347
163.978 149.776 86.4189
 143.43 88.0672  129.57
159.326 130.036 160.257
138.832 110.923 161.533
154.831 167.039 111.926
164.583 136.293 113.839
160.346   155.7 127.389
169.429 119.734 100.959
149.335   72.84 119.677
165.624 171.842 136.327
156.351  187.84 138.479
 147.74 171.945 154.767
174.187 109.572  152.48
156.229 92.7736 159.278
162.998 65.5743 132.091
152.262 70.0086 141.663
168.494 83.2736 124.587
168.207 94.0731  113.04
153.331 98.5929  115.48
167.687 186.857 114.113
138.826 163.965 105.359
150.546 182.124 106.133
141.369 79.7886 144.176
131.966 125.797 138.013
161.267 117.563 162.879
169.066 155.881 143.427
150.228 139.024 167.533
132.946 182.193 109.141
133.972 99.5387 151.467
179.183 107.656 112.266
174.154 109.399 127.836
175.172 128.687 126.115
150.217 84.9886 95.4322