103.537 199.023 111.397
93.1134 63.6196 115.149
121.411 113.834 177.955
74.464 134.894 132.028
108.628 204.473 119.835
119.959 180.84 125.517
120.229 155.111 150.735
119.6 131.408 154.546
122.723 110.078 148.266
119.938 100.449 129.143
123.278 63.7053 136.763
79.5706 156.083 127.087
84.6529 172.114 109.728
79.8603 171.746 120.566
90.2557 172.944 146.688
118.544 169.566 157.082
91.741 139.357 119.053
93.2781 154.312 114.663
90.618 61.9275 132.357
113.305 56.8554 145.725
91.9327 92.6034 106.467
116.469 76.0888 118.43
102.536 124.922 95.8741
100.465 177.036 102.948
90.2329 79.7034 156.927
74.3061 109.788 149.816
110.545 84.6348 171.168
86.1126 124.647 164.75
88.6101 138.016 162.444
121.587 90.9166 156.739
121.889 182.273 101.915
118.47 151.594 110.537
81.1 129.359 123.792
72.5999 137.505 112.933
90.6366 150.875 101.14
69.865 109.615 135.562
73.4607 105.687 101.478
67.8618 111.014 114.992
87.5709 174.662 116.889
90.2692 164.654 124.173
86.9697 114.458 135.786
110.965 51.9608 117.842
91.7366 148.933 86.0506
115.046 79.6675 126.576
93.0418 127.734 158.77
114.853 111.194 160.295
98.3091 166.009 111.81
88.5577 135.927 112.796
93.6755 150.886 129.73
85.2605 118.927 100.129
104.221 67.7308 118.849
87.4185 170.262 134.284
101.917 189.41 136.497
104.635 166.931 157.498
82.2812 96.2319 152.061
101.505 89.1555 159.185
97.1786 56.282 129.163
101.798 65.3314 142.838
84.1302 77.2814 126.854
85.0455 89.7431 112.664
99.5802 97.3196 112.738
87.0539 185.259 113.279
113.949 163.546 104.103
103.241 180.075 105.702
114.765 75.8132 141.961
123.748 130.279 136.023
91.5724 113.802 160.872
85.2379 149.755 143.848
100.153 137.666 163.778
119.901 182.853 110.036
116.555 98.9865 153.243
73.5894 108.543 109.379
78.531 106.282 125.909
76.5036 121.864 126.368
103.004 83.2778 93.8125
-nan -nan -nan
110.252 152.131 127.939
101.409 145.406 118.758
105.916 139.093 118.629
102.689 123.041 107.332
101.745 139.39 102.986
116.921 155.814 113.419
-nan -nan -nan
143.078 155.149 128.111
151.244 148.522 120.144
147.637 140.821 120.401
152.484 124.673 108.211
152.13 139.697 103.988
137.047 157.892 114.005
148.484 201.413 110.006
164.899 68.8234 116.735
132.322 112.9 177.771
179.725 140.335 133.674
143.251 205.727 121.691
134.371 182.35 126.408
133.264 155.096 153.458
133.379 132.335 156.752
130.714 109.235 146.695
135.129 100.793 127.799
131.751 72.0115 138.195
174.497 157.551 123.28
170.976 176.748 109.915
176.552 175.905 120.519
164.625 176.393 145.305
135.272 173.479 156.188
160.516 142.833 116.494
159.184 156.145 114.285
166.533 70.2943 134.624
141.521 61.333 146.705
158.337 95.0855 108.608
135.528 82.4839 120.931
152.726 127.194 95.8804
152.506 179.361 102.556
173.076 91.7086 153.922
180.043 120.456 149.775
145.516 87.3006 171.121
167.355 129.013 165.924
161.24 140.01 166.744
131.878 90.0706 157.761
131.582 180.764 103.043
132.871 155.016 112.554
174.067 134.972 124.469
181.203 141.261 113.661
162.222 151.091 101.322
183.882 119.97 135.877
180.692 105.956 104.613
185.464 117.415 114.301
167.064 177.266 115.868
170.327 167.885 120.586
165.143 123.277 136.604
144.53 58.0172 121.405
163.889 149.812 86.4275
143.276 87.975 129.571
159.341 130.055 160.245
138.751 110.836 161.581
154.796 167.114 112.011
164.412 136.388 113.797
160.443 155.509 127.393
169.769 119.709 101.068
149.431 72.5783 119.482
165.707 171.76 136.196
156.982 186.675 138.557
147.981 173.978 153.59
174.487 109.797 152.104
156.344 92.4531 159.12
163.102 65.9176 131.996
152.669 70.0918 141.299
168.527 83.489 124.538
167.936 94.1017 113.051
153.665 98.9005 114.869
167.721 186.769 114.228
139.208 164.617 105.209
150.557 182.178 106.147
141.433 79.6977 144.177
132.058 125.629 137.732
159.814 116.161 163.84
168.947 155.871 143.433
150.185 138.722 167.806
133.894 187.552 108.91
133.914 99.472 151.513
179.034 106.638 112.795
174.231 109.353 127.835
174.904 128.552 126.116
150.22 84.9878 95.4296
