103.834 198.849 110.714
89.3778 75.5441 117.575
123.744 112.303 178.457
 78.924  133.84 133.815
110.547 204.687 117.113
119.925 181.225 128.502
121.367 158.277   154.4
 122.67 135.183  160.87
125.481 107.214 150.468
121.599 101.534 129.313
119.248 70.8895 141.319
84.3547 153.671 130.069
84.9251 171.272 110.648
82.8417  169.05  124.25
92.0337 175.936 146.814
118.914 170.216 160.448
 94.939 138.961 115.912
94.2135 152.674 114.989
89.9536 73.6139 139.503
109.792 63.7325  145.81
96.4156 96.6963  104.99
115.404 82.0659 122.077
102.672 122.677 96.3194
100.449 174.763 103.941
84.7346 94.7643 153.708
77.7128 119.012 150.938
109.282 90.0226 171.876
90.0929 124.112  168.41
90.9107 137.841 165.341
122.259 91.0351 159.448
121.768 178.349 102.323
117.572 150.095 110.073
83.3658 130.651  123.14
76.6087  140.36 108.752
91.5519 150.116 99.0567
76.5049 117.466 134.419
78.1642 105.857 100.777
72.7442 119.351 106.911
90.4082 171.551 117.138
88.3746 164.997 132.565
89.7975 117.002 137.282
106.342 61.0451 122.607
93.0348 144.076 84.1395
110.695 81.8319 130.808
95.6384 128.039  161.53
117.447 108.435 163.931
98.8992 161.964 112.055
91.5707 132.915 114.273
 95.705 152.174  128.99
88.6173 116.279 99.1556
100.693 77.3139  116.46
87.7246 172.049 137.097
98.9818 186.521 133.485
104.657   173.8 156.772
77.2737 105.432 153.568
99.4136 92.5065 161.835
92.9631 72.0295 133.848
99.7167 75.2012 148.291
82.5017 87.2135 126.453
 86.754  96.032 107.798
102.292 100.549 108.924
88.3234 182.789  116.62
113.703 160.866 103.857
102.274 178.772 107.028
111.072 84.4769 144.773
124.246 119.111 138.226
95.6876 114.379 163.481
87.1808 150.518 143.614
102.162 143.562 168.732
119.972 183.347 110.136
121.911 100.139 154.901
76.7566 109.519 105.333
78.5286 108.454 126.378
79.8538 126.757 119.309
106.877 81.1418 94.5889
   -nan    -nan    -nan
110.475 150.599 129.951
103.321 145.279 121.048
107.694 139.195 117.999
  103.6 123.494  107.13
 103.31 138.418 104.635
117.691 154.599 112.198
   -nan    -nan    -nan
144.717 150.514 128.455
152.362 143.725  119.87
148.466 138.077 117.457
152.455  122.67 106.107
151.294 137.855 103.413
137.444 155.686 111.536
147.852 199.234 110.086
158.417 71.6971 112.318
134.262 115.856 179.147
175.534 137.058 131.714
 141.95 204.363 123.748
133.306 182.867 125.322
133.247 157.939 153.798
134.831 134.128  158.25
130.876 107.338 147.804
134.974 100.533 129.488
132.282 67.0962 136.331
170.231 157.389 125.092
170.626 174.926 118.583
170.852 178.949 132.642
160.765 176.708 147.427
136.267 169.899 160.231
161.991 138.719 116.693
 160.09 155.064 114.786
162.309 67.0174 126.242
145.205 60.0759 139.375
151.459  89.672 108.745
135.356 81.4162 124.407
154.955 121.188 97.2411
153.109 176.988 104.529
170.109 88.3043 149.236
179.536 117.201 145.924
145.629  86.704 168.605
 169.12 124.409 162.851
166.213 139.114 163.018
133.647 88.7486 157.894
130.514 178.921  100.58
134.184 152.713  109.42
173.168 130.213 123.043
179.822 137.496 113.134
161.342 147.222 103.609
179.372 114.593 132.548
 177.24 107.254 99.9006
182.341 111.045 111.391
163.301 173.861 125.016
167.866 167.433 128.586
 164.17 121.137 133.492
136.894 61.2936 114.033
161.769 144.395 85.8254
139.259 87.0372 128.157
160.708 126.836 159.424
138.018 109.402 161.037
156.313 164.541 112.238
164.742 131.452 113.797
159.138 153.124 128.407
 166.66  110.13 102.744
143.204    70.1 119.357
162.592 168.017 141.193
150.385 188.644 138.297
149.429 168.055 158.711
173.067 106.865  151.61
153.968 87.4933 156.413
157.495 62.1834 121.846
152.828 68.6365 138.304
166.692 77.4978 124.766
167.954 94.7456 106.299
150.194 96.7438 111.815
164.481 185.062 123.105
139.558 162.825 104.029
 150.28 178.106 106.596
142.412 80.7762 140.316
 131.93 119.512 138.637
  161.6 110.774 161.492
166.824 153.427 142.441
155.644 140.999 166.704
132.542 178.554 107.521
133.642 98.6421 155.551
  177.6 99.7155 108.661
173.211 104.917 125.543
175.086 123.624 123.731
149.735 82.7575 92.8597