103.587 195.082 109.537
94.5465 67.7285 117.402
119.838 118.337 178.713
79.0663 138.419  132.86
112.357 203.096 114.307
119.731 178.079 125.214
119.396 158.278 149.839
120.735 133.416 155.414
123.312 108.379 148.428
119.496 98.3607 130.332
123.214 66.8364 145.258
80.1151  157.72 126.918
83.9819 178.742 111.774
81.7408 175.506 121.212
92.9464 178.292 145.746
117.576 171.167  155.22
94.5555 141.156 118.104
94.8057 153.723 115.781
92.3915 67.1548 135.711
111.723 61.3734 150.386
96.1349 97.4538 108.801
119.065 76.4881  125.45
107.369 127.026 101.865
99.7303 176.661 103.017
85.6932 87.4935 153.309
74.9623 113.858 144.151
105.402 92.2503 170.336
86.8153 125.394 167.098
87.2863 140.344 163.764
122.193   93.68 160.848
121.425 176.019 99.9295
121.578 151.177 111.732
86.2723 131.628 125.546
73.9601 137.844 116.999
 90.767 150.553 104.184
76.8861 115.417 134.101
79.2243 109.353  104.78
69.8847 118.957 111.652
 89.676  179.14 115.118
84.9026 165.481 122.727
93.5833 117.646 136.311
112.579 54.4361 124.402
92.5334 146.825 87.2901
113.195 80.1928 132.647
93.5339 129.695 159.916
115.231 113.001 161.689
99.9812 164.249  111.04
91.2241 134.954 115.997
96.0519 153.545 129.116
92.3503 124.562 102.528
104.766 72.8143 119.635
86.3266 169.952 136.738
100.432 184.391 134.671
104.299 171.816 154.943
78.7873 100.787  147.09
101.403 95.0464 157.526
97.3535 65.4992 131.775
103.959 70.8073  142.59
88.5997 82.5142 125.559
84.4798 98.6696 110.593
101.457 100.236 117.524
87.2691 189.475 117.354
114.093 162.858 103.457
103.245 175.334 104.731
115.399 81.4993 147.051
122.176 126.012 139.337
88.7363 115.755 159.383
83.7418 153.209 146.131
99.3207 143.885 164.026
119.786 176.852 107.536
120.406 101.223 152.624
77.5821 112.443  106.94
79.7831 108.387 126.398
84.4256 125.321 123.342
105.777 84.1546 96.1405
   -nan    -nan    -nan
114.291 154.726 128.252
104.013 146.293 120.676
108.639 140.593 121.117
105.016 124.121 111.396
105.685   139.4 105.499
118.734 155.402 114.803
   -nan    -nan    -nan
139.641 156.225 128.573
150.902 147.469 120.951
145.949 141.336 122.072
151.795 125.283 111.782
149.974 139.372 105.886
135.738 155.988 114.748
144.487 195.839 105.343
164.468 75.0402 116.464
133.341  120.59 179.311
177.009 143.277 139.685
140.637 203.961 116.363
134.311   180.2 125.966
132.837 156.556  151.75
 133.39  136.87  157.41
131.031 113.646  150.16
135.906 103.515  129.89
135.077 75.4278 146.796
174.586 157.753 127.546
171.126 181.495 114.976
172.918 175.591 124.932
 159.82 182.017 144.567
136.467  173.61 154.724
161.752 142.981 120.587
160.243 155.905 116.396
166.013 73.2756 135.848
146.143 71.3129 157.176
157.149  97.213 108.836
137.818 82.6832  124.34
147.138 130.097 99.8866
154.208 175.962 102.926
174.262 97.2555 151.163
 178.15 123.264 149.434
147.869 96.9535 172.485
168.171 131.702 167.467
162.581 143.907 168.393
 133.33  97.036 160.412
132.451 171.645 99.4684
132.791 153.389 111.688
170.835 137.286 126.995
181.444 141.122 119.705
162.708 151.209 105.064
179.594 123.014 140.659
177.012 115.872 102.863
184.684 121.563 115.281
 163.21   176.5 119.521
168.695 166.644 123.086
161.199 125.676 138.352
144.221 58.1677 130.125
160.952 148.319 88.3652
143.031 89.5252  132.18
158.926 133.895 164.261
138.093 117.068  163.14
155.493 165.074 113.169
163.763 136.829 117.196
158.672 156.034 129.339
164.355 124.055  99.224
148.189 74.3898 122.605
167.898 171.073 141.173
 155.15 190.301 135.386
 147.29 169.984 154.515
173.063 111.384 150.734
157.078 97.6309  160.75
156.553 70.4928 132.739
154.936 73.7125  148.35
169.796 84.7723  126.18
168.258 104.143 111.912
153.498 104.878 115.082
164.042 188.405 119.658
140.191 162.715 104.335
151.149 176.638 105.324
143.164 87.9246 144.254
131.635 132.267  140.19
158.112 121.109  163.44
164.821  156.35 148.614
151.531 143.967 170.933
 132.24   179.5 104.201
134.634 106.435 153.136
178.609 118.169 109.639
171.947  110.64 129.426
172.219 131.752 126.772
147.016  85.171 94.9278