103.05 199.486 111.3
95.1291 63.9481 114.271
120.129 107.478 178.841
69.8913 132.391 134.201
113.312 205.834 116.891
119.787 179.831 126.781
119.105 155.688 152.27
119.353 128.213 157.174
123.023 106.357 147.856
117.891 98.4219 128.608
123.375 71.1158 138.917
76.1278 152.071 128.236
80.7691 172.124 110.62
76.8527 171.591 121.883
90.4432 177.246 146.362
118.69 168.898 155.991
91.7444 138.619 116.983
90.4607 152.441 114.604
94.4017 63.1451 136.75
117.564 62.5241 149.521
93.1427 88.4538 107.761
118.033 73.6628 119.387
101.057 126.613 96.5794
97.3461 176.817 101.865
78.1065 81.9427 145.841
72.376 108.933 149.617
101.037 86.2355 169.607
83.3691 120.322 166.331
85.0359 135.469 163.129
120.438 89.2612 160.824
122.687 177.106 100.306
114.739 150.266 110.256
80.4564 124.956 124.592
68.8095 134.995 114.719
86.1667 149.658 100.709
68.5363 110.265 136.34
73.0256 102.802 102.022
63.6885 114.571 110.002
85.7446 174.494 118.022
81.3315 160.441 128.261
85.2845 110.662 136.779
112.702 51.8237 119.688
87.6831 149.055 86.1295
110.583 77.2893 127.37
91.0131 124.516 159.067
112.011 104.693 160.88
94.8589 164.916 111.736
87.2189 132.279 113.959
91.0323 147.976 129.233
84.6353 119.896 100.302
106.874 68.6964 112.773
85.4167 172.722 135.117
101.475 190.449 137.119
103.857 165.784 160.533
70.7189 97.1243 144.284
94.8139 87.6166 155.932
98.4995 60.4554 132.817
105.727 67.8267 145.359
85.7996 75.8083 124.904
83.4874 87.5126 113.126
100.158 97.3741 110.571
83.8395 187.762 115.923
112.927 166.514 103.09
100.82 181.401 104.628
113.124 81.3011 145.459
123.454 131.054 138.707
89.1782 108.882 158.739
83.0628 148.449 144.196
97.1209 136.79 165.203
119.11 179.977 108.119
118.867 97.2588 153.205
70.371 111.745 107.28
73.1309 104.889 122.781
77.7615 117.842 123.496
103.192 85.51 92.184
-nan -nan -nan
107.877 152.125 128.837
99.1786 144.452 119.298
104.709 140.128 118.242
99.2336 124.516 106.743
100.914 137.836 104.3
116.685 155.327 113.481
-nan -nan -nan
144.301 151.987 128.84
154.004 142.999 119.812
148.486 139.466 119.12
155.253 124.368 107.25
152.506 139.421 103.82
137.48 154.81 113.638
151.308 200.447 110.734
166.991 71.7713 115.137
133.542 110.176 180.295
183.101 136.651 132.799
144.45 205.211 123.883
135.826 180.681 126.767
134.227 152.771 155.307
134.411 127.676 157.111
131.423 107.11 147.475
139.159 98.7451 127.404
134.378 72.3335 136.489
175.458 152.567 127.277
170.48 167.396 114.701
178.583 171.597 124.192
164.959 173.888 148.964
137.051 168.113 158.564
158.453 143.083 113.205
161.403 154.324 114.412
171.106 70.7272 132.333
145.624 64.8663 148.988
163.451 91.4564 105.149
138.362 78.5195 118.253
150.09 126.986 96.3699
157.287 176.99 101.991
176.562 88.1598 150.654
182.984 116.689 147.597
149.771 87.6075 171.263
169.777 122.567 167.236
166.479 136.052 166.272
134.917 89.6231 158.443
131.525 179.469 99.9547
133.394 154.651 111.248
177.305 131.046 122.303
186.958 141.261 113.409
162.617 151.662 98.7244
185.479 117.529 133.076
181.169 112.75 97.0656
191.494 119.594 108.007
167.925 169.948 124.423
170.129 162.172 126.665
167.24 119.181 133.647
147.351 55.511 126.352
161.292 149.429 85.5184
148.201 83.1171 126.907
162.586 125.362 160.791
139.429 106.453 162.502
156.855 165.472 112.061
168.499 138.398 108.917
161.599 152.403 129.344
167.487 122.566 95.582
152.462 73.5135 115.391
169.013 162.246 142.766
158.344 187.022 138.15
152.154 166.615 158.615
178.957 104.844 146.902
158.997 90.5661 158.279
161.312 66.8801 126.965
158.292 73.9992 141.038
178.095 86.0414 121.849
173.913 98.1216 107.928
155.771 100.556 108.821
169.4 178.984 117.155
139.734 169.262 102.731
151.987 181.423 104.007
143.988 82.7417 142.781
133.649 130.983 139.369
163.115 113.244 160.451
167.542 147.471 147.587
154.711 133.276 167.689
133.322 180.786 105.465
135.581 98.3327 152.757
183.275 117.741 102.78
181.34 107.963 124.941
180.424 126.812 120.156
149.293 84.6046 91.9387
