104.734 192.814 113.463
99.7788 65.0653 113.24
118.981 121.549 181.192
69.6651 136.464 141.775
110.063 198.182 124.113
118.729 174.923 128.35
120.912 157.101 153.494
120.852 134.06 159.42
123.829 108.491 148.452
118.903 99.0884 125.817
124.643 78.2758 134.546
77.5706 152.391 132.686
80.0355 167.268 112.378
78.7811 175.931 131.77
94.9181 171.393 150.583
118.384 168.005 159.97
88.8316 136.05 120.792
89.1358 150.46 117.278
92.2726 70.3104 134.418
117.24 70.412 147.459
93.7617 92.3683 105.403
116.476 77.852 115.893
103.39 122.869 99.3645
97.2055 172.689 105.991
86.7647 86.8999 156.132
70.73 109.581 148.416
107.85 94.5329 171.18
81.8751 126.06 168.556
88.4816 139.601 169.725
122.213 97.3991 156.514
120.331 174.249 103.555
116.345 146.894 110.842
75.2383 128.508 128.298
69.3016 136.796 113.772
88.3645 146.326 101.257
67.605 113.261 135.489
74.2179 107.23 101.499
67.1022 113.6 112.014
87.1501 167.992 122.122
81.4015 165.082 132.671
85.2569 115.279 139.051
112.134 58.904 130.168
92.8259 142.152 86.4868
111.584 85.5904 124.761
92.0844 129.272 162.868
116.351 117.063 162.667
95.5098 160.54 114.345
85.2866 131.604 115.974
90.8482 147.36 132.745
84.7366 118.382 99.3122
108.142 69.0968 117.394
89.9309 166.392 141.345
101.41 178.724 142.486
103.804 166.621 160.549
76.764 93.8483 145.876
97.7241 99.1808 157.628
97.0694 70.2208 129.653
105.3 76.8992 141.982
83.1144 79.4815 119.639
83.6567 94.5993 107.684
96.9697 100.176 110.59
85.2654 178.853 119.022
110.654 157.833 104.885
100.286 174.013 108.285
112.761 87.2838 142.059
121.639 113.528 136.239
86.3663 114.104 164.293
87.8783 147.63 152.149
101.491 139.853 177.263
116.501 174.926 111.981
119.459 101.961 151.868
75.8782 104.692 109.554
78.8375 104.359 126.49
76.6833 119.506 130.822
104.211 82.4589 93.7967
-nan -nan -nan
108.041 148.464 129.68
98.902 140.398 121.361
104.238 136.862 120.394
99.0466 121.443 108.349
100.591 134.684 104.635
114.979 151.13 113.653
-nan -nan -nan
143.153 149.867 128.594
153.668 141.813 121.964
148.64 137.018 120.863
155.451 121.375 111.347
152.604 136.476 106.247
136.092 151.534 114.269
149.935 193.533 115.35
170.052 72.0427 120.046
133.366 124.383 182.032
184.327 135.601 136.255
143.786 198.493 125.453
134.111 176.714 124.037
134.062 155.419 154.156
133.608 135.682 158.821
131.388 110.458 151.832
136.111 97.8661 127.466
133.63 76.3238 137.043
175.609 151.441 132.626
174.915 169.501 112.782
176.997 167.475 126.859
163.025 168.707 149.577
137.001 170.461 157.141
165.574 138.417 119.623
163.659 151.493 117.229
160.358 72.1766 141.761
142.498 71.3538 151.199
164.938 95.5812 106.259
140.298 81.4769 115.837
151.763 129.143 98.1192
155.781 175.529 106.724
173.224 93.4976 155.314
183.998 117.925 153.522
148.987 101.383 175.142
168.128 127.67 167.924
167.335 140.62 165.79
133.528 94.7472 162.306
131.097 172.299 102.403
131.573 150.502 112.502
177.043 127.915 127.433
186.886 129.192 117.8
164.906 146.202 102.448
186.891 118.052 135.916
179.824 109.61 101.458
188.233 112.626 114.335
167.837 167.398 121.537
169.478 159.689 129.781
167.293 119.502 137.722
146.556 60.0369 120.481
164.231 148.796 87.1764
144.402 87.8786 125.497
161.898 130.35 160.588
137.171 118.939 162.819
159.746 161.948 114.355
166.663 132.031 116.841
161.487 149.231 130.428
168.261 121.886 99.5119
156.136 73.6818 115.21
163.753 166.532 137.808
155.231 178.111 140.852
148.112 165.639 157.814
179.671 107.385 153.509
156.568 102.272 161.345
155.427 69.8003 131.019
150.175 78.1825 146.19
167.562 82.316 129.624
172.877 89.2726 114
158.077 102.447 110.287
168.685 178.277 119.364
138.441 161.977 105.827
151.016 174.111 107.605
142.148 87.8915 144.138
132.527 128.476 140.701
163.692 120.235 162.076
168.376 147.427 147.552
153.781 140.783 167.581
130.317 173.38 107.407
135.3 101.61 153.243
181.054 109.187 110.128
176.226 103.483 132.15
181.953 125.554 129.751
149.53 82.4363 93.7337
