101.53 204.161 108.326
83.959 65.6856 108.316
119.764 110.375 183.983
67.647 135.935 133.282
109.969 211.613 115.03
119.78 186.236 125.084
120.067 162.228 152.993
120.705 132.389 161.974
124.024 100.923 149.446
119.397 92.7027 121.779
118.031 61.9001 139.419
74.6036 157.271 126.592
79.0093 176.499 107.973
76.1671 177.212 121.86
90.0278 178.68 149.951
117.783 173.366 160.607
86.9705 139.664 112.694
88.6087 154.259 112.568
86.116 63.4121 130.279
105.225 57.6212 142.645
84.2463 90.0484 100.207
114.151 70.1744 111.286
101.389 125.921 91.5485
96.35 178.727 101.065
84.8179 82.3254 158.297
72.9801 112.323 149.951
106.642 83.1244 172.579
86.043 121.817 171.838
86.483 136.992 169.781
120.166 82.683 159.112
120.964 177.653 97.898
115.22 149.556 105.341
70.9344 126.226 122.874
66.0926 137.186 111.888
84.7296 153.456 95.256
66.3575 111.447 135.931
70.3997 113.572 97.9084
63.4874 116.093 109.091
84.9301 175.234 113.365
80.2475 171.036 125.024
82.7528 111.981 135.018
105.104 48.381 115.833
86.507 147.652 80.9808
108.613 70.6666 121.432
90.8626 125.09 163.385
116.61 105.196 166.977
95.0186 165.136 108.813
81.4585 134.31 110.297
89.5988 152.527 126.808
82.9395 120.626 92.9286
96.7398 66.714 104.469
86.6754 174.362 135.78
99.4355 193.462 135.733
103.71 168.164 160.474
77.9735 96.1567 150.309
99.5494 86.3995 163.466
89.7532 61.7568 125.848
94.6595 67.2827 141.473
70.6053 78.6811 119.193
76.9046 94.5826 105.687
96.7312 95.2148 101.932
83.443 188.414 115.743
112.805 164.916 99.1206
99.2198 182.702 102.729
110.18 76.164 136.796
122.751 106.752 133.41
91.2155 110.176 164.419
81.7504 147.955 146.808
98.6033 137.892 172.333
119.495 184.313 105.193
118.401 92.0837 154.477
69.7622 105.351 107.47
74.4417 104.47 124.224
68.2054 121.403 118.751
103.726 79.451 86.8118
-nan -nan -nan
106.318 149.935 128.081
98.482 143.914 116.002
103.773 138.347 114.779
99.2864 121.685 101.967
98.4378 139.804 98.1167
115.425 155.95 108.967
-nan -nan -nan
147.684 148.981 125.549
156.009 141.43 114.873
150.449 135.557 114.527
155.05 119.831 102.541
154.459 136.502 97.7249
139.119 153.189 107.811
148.322 201.559 104.643
171.324 64.3831 103.249
132.942 104.855 184.75
185.509 134.109 130.653
145.142 209.919 119.436
134.244 185.073 124.967
133.903 158.378 154.997
131.954 130.289 162.364
128.718 101.882 149.372
133.136 89.6375 121.255
130.354 58.7027 135.525
179.386 154.79 124.529
178.405 172.606 112.633
178.41 176.562 126.245
164.983 173.315 148.495
136.562 171.316 161.756
166.958 137.415 112.393
166.416 153.729 109.839
169.482 61.2695 125.348
142.297 55.567 145.036
165.734 85.1574 97.8953
135.478 68.9736 109.957
150.483 129.16 91.5118
157.683 176.719 99.036
171.902 81.5761 154.213
182.101 114.359 145.522
146.303 82.6317 174.779
171.318 120.679 169.306
170.172 135.775 164.474
130.24 79.9695 160.17
131.528 176.759 96.8091
133.726 153.109 105.439
181.63 124.503 120.761
189.326 131.33 113.538
167.205 148.276 96.3491
186.283 111.728 133.643
185.681 112.802 94.4526
191.198 113.011 108.559
171.73 172.696 121.4
171.721 162.66 122.993
168.674 113.297 133.769
145.529 48.221 110.713
168.114 150.496 81.4549
143.169 70.2724 120.558
163.516 121.542 162.089
135.797 102.525 167.444
161.386 163.715 106.975
171.544 129.53 109.851
164.934 149.91 124.92
172.335 118.235 93.0506
151.702 65.2136 101.311
166.771 170.562 139.23
153.494 192.239 134.107
149.896 163.864 162.508
178.178 105.184 157.172
155.189 84.4657 162.882
160.743 57.9125 121.233
153.287 62.6502 139.016
173.554 76.6142 116.849
180.098 92.1785 99.138
156.702 97.3603 99.4826
169.905 184.604 115.47
141.502 161.095 98.931
153.959 178.339 101.298
140.383 74.7836 139.152
131.314 117.758 133.72
161.508 108.675 165.884
171.701 149.393 143.352
152.982 131.614 172.909
132.646 183.255 103.763
131.79 90.7237 154.722
185.502 107.533 103.599
177.677 98.6597 126.26
184.008 119.442 122.397
151.435 80.1099 85.2315
