105.941 202.896 110.822
94.72 58.8332 113.358
119.843 120.191 177.461
76.5256 135.341 131.468
111.303 210.363 118.302
120.698 187.017 126.92
120.533 162.266 148.077
120.138 134.531 153.246
123.214 107.22 148.877
119.288 98.5362 129.38
123.371 63.4269 137.494
83.1407 159.548 127.124
87.0368 173.13 110.41
81.2412 177.789 123.123
93.5901 181.831 145.616
118.702 173.92 154.457
94.2992 140.815 116.019
94.9361 156.107 115.435
93.4817 57.757 135.307
116.863 55.9389 148.1
93.1954 88.3398 108.757
119.357 67.3648 115.214
103.873 128.327 98.7183
101.146 180.446 103.028
90.8781 75.3315 157.099
76.6573 109.815 145.134
107.554 92.0864 173.303
84.4004 126.666 163.363
86.7515 142.987 160.195
122.021 92.569 156.266
122.162 184.471 101.188
116.954 154.069 109.322
84.6073 125.52 126.229
74.7993 133.512 112.583
89.0237 151.421 101.667
75.8041 105.662 132.047
77.4728 111.093 101.525
72.0056 110.821 113.051
91.411 176.599 118.32
86.5226 168.893 128.475
90.7998 112.659 134.616
114.672 43.5621 123.669
90.9525 144.517 85.0717
111.843 74.8115 126.836
92.4692 130.483 157.241
114.844 113.601 161.066
99.5174 166.867 111.974
91.3362 133.197 114.105
95.9108 153.661 128.251
88.6859 115.53 100.319
105.107 60.7184 115.27
91.3865 175.544 135.296
101.834 190.743 136.721
104.975 171.778 156.196
79.4689 96.5475 152.131
100.217 88.4823 158.01
99.0627 57.2758 131.387
105.513 63.4518 142.742
85.781 72.3578 123.148
84.7503 88.9821 112.831
101.417 93.1272 111.634
88.74 187.58 115.373
113.981 168.216 103.299
103.175 183.686 105.834
114.27 79.9193 143.6
123.162 118.909 140.105
92.9498 112.416 159.662
88.3599 153.418 144.793
98.267 142.02 162.554
120.658 184.708 108.907
117.928 98.9468 153.06
79.0145 103.663 110.873
83.5457 98.7057 128.615
81.9674 117.862 124.531
104.803 85.4646 92.3811
-nan -nan -nan
111.954 155.185 126.407
103.726 147.542 118.935
107.174 141.419 117.495
101.547 124.42 107.436
102.057 139.235 103.622
117.681 158.701 112.494
-nan -nan -nan
142.354 156.758 126.777
151.107 148.293 120.042
146.934 142.35 118.408
151.769 125.102 107.453
151.873 141.148 103.087
135.705 159.432 113.291
148.431 203.437 108.249
167.706 69.7629 120.035
133.671 122.927 178.554
177.652 135.181 133.664
143.726 208.97 120.578
133.945 186.446 127.051
133.992 160.557 151.859
133.688 135.961 157.589
129.918 110.378 150.159
134.369 99.3959 129.735
132.495 68.9386 141.867
173.852 156.609 127.365
170.117 175.841 114.553
173.253 174.244 126.357
159.973 179.257 148.008
135.925 178.448 154.786
160.277 141.673 116.848
158.851 155.257 115.391
163.96 65.1802 140.413
139.51 61.975 155.359
161.252 86.7529 107.777
137.867 78.3888 119.88
147.861 127.064 97.9794
154.236 179.65 104.304
172.746 88.1019 155.654
178.854 116.114 145.345
145.117 94.7416 175.724
171.037 126.965 165.039
166.397 142.007 162.793
132.006 95.2048 161.85
130.452 182.92 99.205
132.016 157.837 110.312
170.89 129.988 124.392
180.079 135.665 115.772
163.506 150.334 103.61
180.684 114.008 133.792
172.116 116.387 98.4484
180.901 114.643 112.748
164.14 176.925 119.525
168.048 167.846 129.449
162.458 121.377 134.985
144.121 51.8696 126.12
159.804 148.827 85.661
144.706 82.1878 130.211
160.742 130.134 160.017
138.238 115.332 163.3
155.883 167.374 114.747
162.414 135.121 113.369
158.944 155.709 127.975
160.698 121.444 97.0326
151.961 67.7647 117.989
165.764 170.383 141.512
155.063 190.153 136.706
147.638 170.727 157.559
176.186 104.224 150.198
155.272 92.3646 163.256
158.756 60.5343 134.919
149.937 67.7229 150.524
168.441 79.783 135.157
169.135 93.5071 110.956
152.786 98.6518 112.018
167.6 186.263 120.281
139.079 167.595 104.7
149.982 184.055 106.678
142.783 84.1927 147.342
130.975 135.681 140.316
163.311 116.644 158.964
165.395 152.96 145.249
154.636 141.159 165.032
130.596 189.641 105.747
134.661 101.729 154.009
175.471 109.237 109.291
170.838 104.381 130.648
173.128 122.741 126.572
144.96 84.1081 93.5414
