106.714 202.672 109.372
94.5538 60.1733 109.413
118.775 117.269 182.091
74.9939 141.64 127.436
113.841 209.085 116.133
121.611 184.017 123.818
119.936 160.648 150.671
120.198 134.878 156.467
123.917 109.868 148.22
121.922 97.7638 123.837
122.312 62.6833 139.988
80.5314 164.274 123.107
85.1231 173.422 107.953
82.5332 182.126 121.955
94.9249 180.88 147.961
118.122 171.594 158.18
92.2833 141.758 113.062
93.3035 155.085 111.933
89.4029 63.4553 133.241
113.015 61.4668 151.093
95.4437 86.9488 105.189
117.87 71.1939 115.037
101.3 122.462 96.4575
101.263 181.148 100.52
88.4619 80.0903 154.927
77.7884 108.923 149.24
105.222 91.2086 172.466
84.9108 128.105 166.446
84.3519 147.22 157.445
123.328 92.2247 160.642
123.847 182.371 99.5581
115.38 151.007 107.651
81.0353 127.262 121.367
70.3021 126.028 115.685
85.3026 151.657 95.0704
77.4203 105.608 130.9
77.7051 100.428 104.002
71.5519 101.827 113.951
91.6908 175.957 112.778
86.8066 172.333 124.588
88.5116 113.948 132.878
108.937 48.2815 128.551
82.7817 142.718 87.008
114.369 76.8838 125.511
93.8992 131.984 159.119
115.661 112.407 163.319
100.178 165.282 108.848
88.6832 133.274 111.184
94.7003 156.516 126.092
87.094 112.503 98.4994
105.669 64.0405 116.352
93.2632 175.93 136.214
102.244 198.204 131.855
106.1 171.125 156.156
79.8907 90.5246 154.519
100.409 93.2199 155.405
95.829 60.9124 128.022
103.952 68.967 140.154
87.3981 77.2038 124.954
88.1563 86.1782 113.943
101.142 95.1736 110.329
91.4444 191.601 113.373
115.502 167.754 101.454
104.787 182.593 103.189
113.943 83.5973 142.25
124.189 123.358 135.601
92.9898 115.658 158.259
86.8444 158.203 143.312
99.2585 144.657 166.961
121.708 186.198 108.593
118.901 100.9 153.306
77.7282 103.384 109.754
79.5516 100.886 125.475
81.0231 119.694 117.54
104.893 82.4543 89.7886
-nan -nan -nan
109.9 152.73 126.835
102.802 144.647 121.413
106.967 140.969 117.803
101.334 124.325 103.231
100.331 139.634 101.803
117.888 158.032 110.619
-nan -nan -nan
144.318 153.096 127.777
151.971 147.112 118.859
148.471 140.703 117.871
152.486 122.976 105.892
152.974 138.733 102.662
137.266 157.441 111.042
149.861 201.728 110.426
164.013 63.4695 111.093
133.613 117.847 180.481
180.216 142.487 130.278
143.676 206.098 122.47
134.912 182.944 124.79
134.995 160.345 153.148
133.433 135.6 158.952
129.954 109.917 146.505
132.733 99.5478 122.641
132.515 62.4292 141.146
173.857 161.574 123.329
171.106 175.519 112.86
175.717 179.798 127.722
162.175 177.663 149.609
135.889 173.234 159.534
163.013 142.237 115.099
160.229 154.926 110.724
166.417 68.6917 137.376
144.931 58.6401 147.005
155.563 86.5252 105.221
135.056 76.2411 116.542
146.976 125.568 94.8866
153.765 179.626 101.222
168.574 90.9886 156.63
177.179 119.638 146.569
145.77 89.4203 173.198
165.509 126.226 170.367
165.442 144.517 164.883
132.581 88.8284 154.542
131.288 179.902 98.9839
132.774 155.338 107.918
174.256 131.505 122.591
181.837 136.983 110.988
163.808 150.268 97.313
182.571 118.881 133.359
174.436 100.627 100.825
183.025 114.906 106.26
165.651 174.777 119.511
170.704 171.93 125.759
163.992 122.463 133.151
143.566 51.739 118.278
159.043 147.544 81.6789
139.803 83.1526 124.81
159.503 131.364 161.051
137.603 111.886 161.348
155.627 164.302 108.551
165.683 136.998 108.57
161.41 156.692 126.249
162.253 120.153 94.9138
147.911 67.9893 114.626
164.317 173.879 139.399
152.882 190.393 134.979
147.511 170.515 158.172
173.544 107.207 149.702
153.339 93.7873 156.584
159.857 65.8306 130.85
154.344 70.7893 139.74
172.096 83.9819 126.326
164.48 87.6432 113.147
150.955 93.2739 111.622
169.192 183.817 114.447
139.402 168.932 102.595
150.796 180.853 104.312
141.792 80.2863 140.057
132.861 136.845 136.827
160.154 117.45 160.719
167.417 158.616 146.007
151.753 144.151 170.721
132.75 183.53 106.091
133.854 99.3122 149.844
176.353 107.251 105.445
172.854 107.454 125.413
176.659 124.447 121.705
148.952 82.1638 88.4324
