101.324 195.584 109.489
87.8282 71.3165  117.47
120.192 112.006 180.352
70.4092 134.965 129.554
108.372 202.079 117.598
120.246 178.655  125.02
121.374 156.077 153.393
119.715  131.34   158.2
123.583 107.906 153.413
118.725 98.9088 132.643
122.154 71.3459 143.175
76.8279 155.354 129.153
79.4635 167.893 109.856
76.5668 170.403 124.341
91.9218 175.694 147.295
118.792 169.162 157.429
88.2013 138.889 115.726
89.3067 151.631 114.936
87.9845 70.2063 137.039
  112.2 63.9561 150.931
94.3873 93.2139 106.962
 117.44 80.2628 120.792
 102.62 128.215 98.0153
97.0061 174.095 102.517
81.9613 89.9821 159.701
68.9669 115.426  147.15
100.908 93.8673 174.388
82.5043 126.782 165.474
89.5646 137.208 166.697
119.831 91.8921 166.372
120.783 176.099  98.546
116.841 149.056  110.14
78.1241 129.935 123.141
69.5626 135.839  112.21
87.4254 149.252 100.403
72.3462 114.391 132.261
74.7317 110.745 100.491
66.2765 113.565 112.476
84.9226 170.152 115.975
 81.624 163.716 132.299
86.1538 116.405 137.207
109.398 56.6573 122.944
94.1298 149.494 85.8447
  109.7 85.5787 129.776
90.1084 128.196 159.584
112.895 108.443 164.273
95.7206 160.753 112.813
85.5702 133.193 113.149
90.8336 148.566  128.18
85.4737 124.455 98.4183
103.469 72.1899 121.243
87.5054 168.988 137.456
99.5835 186.294 133.515
104.967 166.259 158.235
73.1401 103.932 154.217
96.0698 97.5891 160.029
96.4546 68.3784 131.058
 97.974 73.5639  146.09
86.7425  88.408 127.355
83.6184 94.1176  108.96
99.1394 99.1151 112.326
 81.522 180.224 114.044
113.707 163.585 102.342
100.656 176.194 105.154
113.868 81.6412 146.424
122.808 117.344 139.605
84.3968 119.561 157.511
85.5887 148.083 144.334
101.557 138.968 166.708
120.317 174.568 105.187
119.351 98.9511 158.702
73.4133 116.993 104.258
76.1494 103.381 130.302
 75.031   124.3 124.359
 105.13 88.3868 92.5307
   -nan    -nan    -nan
112.213 151.536 128.394
100.391 142.704 120.662
105.182 137.497 120.262
100.161 120.671  110.83
100.636 136.445 105.735
117.197 153.799 113.359
   -nan    -nan    -nan
142.557 153.689 127.633
154.537 145.329 119.137
 149.21 139.114 119.531
153.421 122.181 110.235
153.511 138.553 103.913
137.168 156.082 112.951
146.817 198.573 105.483
169.568 78.1083 114.992
132.995 116.488 180.159
183.493 137.893 127.237
142.978 203.154  118.85
134.188 181.225 123.292
133.891 156.731 153.083
135.019 133.339 159.324
129.959 109.788 152.349
135.689 99.5094 129.579
131.227 74.6714 143.125
178.067 159.058 128.519
175.114 170.442 115.407
 175.91 176.062 129.382
164.147 176.268 144.576
135.648 170.057 156.434
167.537 141.374 114.965
165.976 153.926 113.937
167.225 74.9985 137.528
 143.32 68.8308 154.041
160.798 94.1058 102.915
135.896  80.833 117.284
149.745 132.599 96.3917
156.621 173.914 101.573
173.647 93.9956 157.139
187.339 119.528 143.893
150.941  97.069 175.256
173.021 128.782 162.032
167.845 140.889 164.666
133.158 93.9003 166.216
131.822 174.333 99.2079
133.539 152.924 110.901
178.052 131.549 121.918
187.976 135.291 112.673
165.902 148.563  102.39
186.363 115.778 134.838
178.328 108.649 98.5244
187.715 112.851 111.505
169.587 172.279 121.385
174.091 164.627 131.413
168.511 120.929 133.535
145.582 60.8704 122.872
163.251 151.919 85.9527
144.386 88.7396  127.95
165.031 131.014 157.952
139.615 110.965 164.284
160.081 162.719 111.684
168.898  133.55 112.729
  164.8  152.95 126.324
 167.13 124.894  97.555
151.918 74.5679 111.643
162.843 169.727 137.769
153.695 190.669 134.791
148.968 167.702 159.129
179.281 111.108 158.162
158.472 99.5304 157.535
159.131 73.7907 130.859
152.981  76.004 145.543
169.818 88.7106  128.18
169.919 98.5283 106.143
 153.83 99.9006 110.195
167.573 179.538 114.365
140.243 163.255  102.14
152.454 178.412 105.107
139.914 85.7349  146.56
130.971 132.396 139.866
167.742 120.539 156.469
170.539 151.016 141.343
154.477 141.894 168.368
131.734 174.175 104.808
132.021 101.521 156.843
179.609 108.981 106.975
177.016 108.012 128.269
180.686 125.531 122.079
148.995 89.3049 90.1119