106.854 200.844 112.559
92.4527 64.4384 117.123
119.913 118.957 179.948
75.4117 136.508 130.025
113.146 208.586 118.138
120.148 180.796 126.237
120.088 158.819 152.127
120.144 134.753 158.357
123.001 109.158 151.077
118.728 101.033 131.954
124.16 68.9018 143.429
81.072 156.311 121.217
83.9239 177.015 108.295
81.129 173.86 117.755
91.5451 180.136 143.956
118.677 172.532 159.336
92.3192 137.141 116.144
93.4241 153.056 111.467
91.8918 64.0834 137.956
114.618 64.6546 151.757
97.7695 89.299 110.595
119.385 74.2241 122.794
105.28 119.159 99.207
101.645 176.887 103.028
90.3609 84.7989 160.453
74.1675 113.663 146.883
107.698 94.9798 173.079
84.5868 130.945 165.413
86.16 144.319 160.388
120.922 95.4969 163.908
122.641 178.579 102.549
117.646 149.595 109.179
80.6149 128.457 123.171
73.7269 136.483 109.598
90.5998 148.291 97.6476
71.8055 111.071 134.631
77.1672 99.2273 104.409
70.2413 113.231 108.417
88.6473 175.909 111.444
85.2426 165.857 123.754
88.4245 114.745 136.748
114.991 51.4922 123.254
94.3013 139.828 82.2897
115.702 80.1753 131.092
91.6614 132.889 159.108
114.213 111.74 164.51
97.6372 162.403 108.619
88.5996 133.547 112.234
94.1204 152.688 124.752
86.5353 113.008 99.753
106.449 68.7796 119.391
90.2483 175.706 130.302
104.628 191.6 132.731
104.428 172.205 154.858
79.902 97.7871 151.081
99.4654 96.0768 158.861
99.3415 63.6407 135.003
100.654 73.7487 147.99
84.0672 76.1996 130.69
86.908 89.6691 115.36
101.637 94.7388 115.293
85.8128 190.765 117.492
115.689 166.034 103.21
103.329 179.27 104.758
114.424 86.0565 145.6
121.471 117.786 140.04
87.7017 118.799 162.398
83.7332 154.69 137.264
99.1932 145.251 161.98
119.716 182.677 109.487
120.507 103.783 157.404
75.5486 107.76 105.565
78.4206 104.006 126.769
78.4488 121.785 125.795
104.979 77.6811 94.735
-nan -nan -nan
110.674 151.375 127.296
102.278 142.648 118.434
106.497 136.817 118.059
100.934 120.05 107.39
103.257 134.862 102.505
117.792 154.495 113.18
-nan -nan -nan
142.729 153.342 127.324
152.462 144.652 118.795
147.172 140.299 118.508
152.946 122.112 109.084
150.781 137.642 103.595
135.582 154.897 112.704
147.025 201.172 110.371
164.901 71.854 114.684
131.657 120.363 182.892
178.629 139.132 136.135
143.712 207.994 119.189
134.706 180.692 126.327
133.255 159.211 153.942
132.86 136.223 160.686
130.999 111.894 150.428
136.945 100.629 131.731
135.473 73.2086 146.096
175.3 156.125 127.247
171.795 180.959 107.107
174.367 171.796 118.393
162.43 175.341 147.603
137.133 179.499 154.745
162.641 140.716 116.847
159.645 154.056 111.205
169.765 74.5094 138.99
149.746 70.1897 154.659
158.357 96.4132 108.22
136.047 81.782 124.932
148.872 124.382 97.6432
154.06 179.553 103.624
174.089 96.812 156.302
178.223 121.906 151.091
148.072 96.9531 175.699
165.634 132.93 169.979
166.567 147.063 162.81
132.572 94.6965 162.686
131.089 180.913 101.367
131.828 153.038 109.012
175.088 135.315 124.287
180.864 143.96 109.157
164.179 149.656 98.643
184.013 123.28 138.42
177.802 107.571 101.895
184.184 116.002 111.583
164.091 175.913 113.557
171.691 164.066 124.906
164.943 123.823 136.564
145.891 58.8924 124.443
158.364 142.501 82.3523
147.713 84.1838 132.497
159.769 135.148 161.658
135.903 116.885 165.957
158.204 164.019 109.149
165.583 135.624 113.215
160.799 155.299 124.726
167.466 118.222 99.5025
149.134 74.2414 119.159
166.522 172.619 135.542
154.674 190.793 133.764
147.794 168.523 156.84
170.823 109.845 153.622
155.676 99.3899 163.883
160.632 70.7706 132.543
157.922 81.1579 148.767
170.129 82.0837 127.376
171.862 92.4201 110.127
153.06 100.637 112.617
165.46 184.664 117.913
138.89 166.992 103.896
151.509 179.485 104.228
144.626 90.3296 147.908
132.12 129.827 139.979
161.48 121.751 166.28
167.003 155.032 143.981
150.474 144.263 170.799
132.548 183.1 107.573
133.406 105.483 156.668
179.784 118.766 102.34
177.221 108.786 128.53
177.806 131.056 126.317
149.55 80.8265 93.6672
