100.879 198.238 113.543
93.0171 62.9813 115.557
 120.08 113.188 177.837
74.7716 134.651 133.763
109.415 206.196 118.018
 119.15 180.624 124.916
119.731 155.364 150.865
119.265 131.819 154.651
122.589 110.759 148.303
119.911 99.7594 129.225
122.614 62.7734 136.064
79.5909  155.89  128.14
83.4413 172.313 110.295
79.3997 171.439 121.217
91.1733 175.447 146.955
117.812 170.153 156.853
91.4095 138.609 120.212
92.7519  153.43 115.844
90.0399 62.1179 133.149
112.836 55.8706 146.373
91.7082 92.2334 107.188
115.569 75.7811 118.596
100.361 126.889  95.193
99.0801 177.133 104.076
90.0419 79.2632 157.739
74.3414 108.432 152.274
109.862 84.3156  171.77
85.2122 125.602 165.966
88.0557 138.067 163.727
121.137  91.047 155.764
121.522 182.531 101.895
 115.49 150.077 110.355
80.7799 128.129 125.077
71.0768 135.265 115.365
89.1088 150.433 101.719
69.2511  108.14 137.707
72.6496  104.24  103.14
 67.502 108.839 117.105
 87.682 174.174  117.57
85.2712 162.246 125.898
86.9746 114.018 136.959
110.667   52.26 117.828
87.4864 148.373 86.7091
114.182 81.5543 126.673
93.5374 127.212 159.932
113.833 111.205 160.366
98.2222  165.72 112.906
88.1319 133.625 116.051
93.6959 151.042 130.127
84.1726 117.257  101.83
103.481 68.0996 119.041
87.4219  169.96 134.864
99.6799 185.711 135.947
104.331 168.663 156.879
 82.107 96.2648  152.02
101.469 88.8917 158.963
97.1642 56.9701 129.599
101.963 65.7619 142.763
84.1924 76.5667 127.045
84.4842 90.9309  111.75
99.1176 97.5253 112.858
86.2107 184.064  114.65
113.842 165.425 103.939
102.636 180.186  106.52
114.667 76.6494 141.419
123.788 129.389 137.262
92.1537 113.424 161.641
85.2318 149.648 144.191
100.334 137.428 164.246
119.954 180.828   109.5
115.941 99.5716 152.395
73.8124 103.441 111.919
 78.988  104.73 127.191
75.0119  120.14 127.045
102.662 83.4119 93.6033
   -nan    -nan    -nan
110.565 152.576     128
100.977 145.138 119.007
106.073   139.7 118.774
101.786 122.818  107.49
102.617 138.791  103.73
116.955 156.542 113.923
   -nan    -nan    -nan
  143.1  154.15 128.155
151.909  147.45 118.526
147.672 140.996 119.028
152.332 124.992 107.318
 150.43 140.094 102.624
136.908 158.413 113.894
150.061 200.201 110.274
165.594 68.9317  117.78
132.974 112.374 177.852
181.006 140.052 133.458
142.414 205.943 121.786
134.963 182.042 127.625
133.373 153.989 153.036
133.924 130.391 156.048
130.392 108.966 146.118
135.306 100.334  128.08
132.677  70.975 137.991
174.092 156.963 121.962
 170.87 176.636 108.574
175.583 174.805 120.115
164.358 175.254 146.531
135.657 171.357 157.642
161.703 143.075 116.079
160.017 156.294 113.604
167.446 71.2465 137.111
 142.78 61.6581 149.918
157.744 94.8695 108.145
136.032 82.3331 120.917
147.178 126.888 97.1662
152.832 179.387 103.483
173.992  91.397 153.639
180.857 119.719 150.783
146.924 88.7015 172.756
168.475 127.876 166.579
163.039  139.64 165.669
132.677 89.6943 157.556
131.513 183.821 102.816
132.738 154.797 112.371
174.418 134.609 123.815
 181.09 140.063 113.437
159.003 151.409 101.314
183.674 119.863  134.02
180.197 108.201 103.094
184.814 117.736 113.178
165.979 177.664 115.884
173.475 169.198 119.683
165.093 123.393 135.356
145.566 57.2254  123.14
160.585 147.447 84.4892
143.582 88.3313 129.236
159.686 129.523 159.904
139.308 110.102 160.737
154.706  167.04 111.442
164.738 137.895 111.402
 160.73 155.712 126.763
167.018  122.38 97.6417
149.814 72.3271 118.551
165.414 169.852 136.627
156.866 186.302 137.845
147.215 170.589 154.249
173.278 110.204 153.766
156.647 92.1264 159.018
161.961 66.6074 134.292
153.202 70.6399 142.052
167.735 83.7569 125.423
167.318 94.1541 112.097
153.195 99.2992 114.069
167.397 188.542 116.493
137.823 165.934 104.695
150.154 180.764 106.645
141.899 80.2072 143.659
131.938 128.864 138.506
161.168 116.291 162.735
169.686 155.555 141.781
150.638 138.126 167.059
132.849 181.825 109.367
134.119 99.2345 151.302
179.012  109.82 110.203
174.234 110.128 127.114
 176.35 128.879 125.461
 150.18 85.1478 94.5636