101.141 194.553 110.239
87.9894 69.7988 116.492
120.251 111.405 180.771
70.2131 134.787 129.088
109.915 201.298 117.628
120.8 178.412 124.981
121.43 155.804 153.906
120.022 130.296 158.293
124.094 107.662 153.674
119.066 97.6808 132.674
122.554 70.826 143.358
76.5382 155.218 129.278
79.84 168.267 109.463
76.4636 169.685 123.924
91.8224 174.486 148.249
118.569 168.163 158.219
88.1845 138.083 115.954
89.8213 151.066 114.824
87.6956 69.6139 136.284
111.367 63.9616 151.209
94.2257 91.5593 106.087
117.596 80.0152 119.642
102.428 127.973 96.6701
97.729 174.476 102.245
82.2507 90.5528 160.804
68.6684 115.569 145.725
101.05 93.2797 173.888
81.8129 126.998 165.285
89.5429 136.809 167.433
120.237 90.9122 165.85
121.499 175.105 99.212
116.939 148.349 109.95
78.1237 129.843 122.551
69.8571 134.476 111.993
87.9698 148.887 99.948
72.0264 113.674 132.135
74.2621 109.388 100.112
66.0826 111.553 113.02
85.2266 169.444 115.934
81.4932 163.225 132.632
86.3134 115.92 136.297
109.378 55.9304 122.129
94.9891 149.322 85.4242
109.829 85.3437 128.978
91.0084 127.468 160.524
113.24 107.558 164.508
96.4327 160.23 112.671
85.4772 133.899 111.816
90.9378 149.044 127.911
85.0227 122.647 98.5013
102.885 71.7716 120.506
88.1003 167.257 138.205
100.205 185.701 134.013
105.186 164.758 159.144
72.9184 103.564 154.163
96.1413 97.3915 160.065
95.248 68.0717 130.421
97.8939 73.4769 145.828
85.9793 86.3856 126.114
83.5342 92.8872 108.795
99.2119 98.795 111.791
82.1801 179.031 114.845
114.39 164.575 101.809
100.916 175.685 104.901
113.967 80.8027 146.644
123.299 114.925 139.557
85.4646 118.847 157.287
85.399 147.666 144.062
101.252 138.805 166.627
120.202 176.452 106.008
119.968 98.0192 158.8
73.6107 111.101 106.427
76.2611 102.328 130.924
75.4974 123.683 124.283
105.429 88.2814 91.5194
-nan -nan -nan
112.802 151.118 128.416
100.611 142.285 119.806
105.658 137.405 119.456
100.716 119.982 110.679
101.16 136.338 104.616
117.577 153.334 113.24
-nan -nan -nan
142.799 152.761 128.203
154.693 144.839 118.975
149.287 138.681 119.521
153.621 122.323 109.757
153.429 138.799 103.312
137.22 155.237 113.352
148.451 198.476 106.362
169.224 77.4916 114.339
133.425 115.558 180.902
183.772 137.692 127.308
143.786 202.892 119.212
134.451 180.945 123.034
133.906 156.798 153.305
134.712 133.164 159.619
129.844 109.229 153.244
135.277 99.1348 129.034
131.316 74.3388 142.607
178.148 157.771 128.289
175.596 169.885 115.585
176.616 175.265 129.623
164.495 175.847 144.158
135.312 169.645 155.244
168.041 141.414 114.243
165.727 153.353 113.619
167.22 74.926 137.17
143.375 68.4739 154.539
160.244 91.483 103.633
135.843 80.2122 116.62
148.601 131.147 97.4185
157.378 174.363 101.711
173.051 93.2205 158.031
187.061 118.233 144.338
150.79 95.3587 175.025
173.155 128.036 162.268
167.536 139.147 165.942
133.297 93.0586 166.162
132.614 174.26 98.5213
134.062 153.319 110.078
178.263 131.352 121.86
187.71 136.3 112.281
168.554 149.401 101.395
185.835 115.439 134.783
178.571 109.828 97.5358
187.531 113.975 110.618
169.163 171.147 122.823
173.716 164.223 131.869
168.571 121.078 133.446
145.26 60.1623 122.586
161.135 151.144 85.1085
144.53 87.9021 127.448
165.187 130.425 158.089
139.474 110.004 164.46
161.133 162.051 110.345
169.424 134.544 111.623
164.912 151.494 126.534
165.93 126.659 95.3151
150.908 75.022 111.908
163.252 168.639 138.777
154.362 189.157 136.143
148.412 166.904 159.346
179.824 108.701 155.705
158.443 99.2015 157.434
158.143 73.0963 130.006
152.841 75.2054 145.157
170.33 89.0568 126.428
170.295 100.157 105.039
154.631 102.315 108.35
167.045 179.84 114.816
140.656 161.942 102.234
152.938 176.997 105.365
140.125 85.0992 145.363
130.838 135.911 138.249
166.42 119.496 157.32
170.268 150.323 142.184
154.174 141.123 168.85
131.794 182.17 102.851
132.071 100.357 156.484
180.431 109.531 105.65
177.237 108.314 127.477
181.022 125.166 122.252
149.468 88.6933 89.2408
