103.975 198.111 110.808
89.2452 74.0922 120.877
123.835 112.751 180.462
79.0823 133.974 134.373
111.519 204.685 116.676
120.243 181.219 128.249
121.411 159.786 155.745
122.109 134.431 163.62
125.218 107.597 155.705
121.794 101.303 131.047
120.009 70.5184 144.305
84.967 153.199 131.054
84.2725 169.987 111.096
82.5381 168.401 125.228
92.9978 177.75 146.269
119.624 170.442 160.727
94.8611 139.168 117.137
93.7509 151.864 116.145
89.8232 73.9051 142.458
110.533 64.027 149.99
96.5473 94.832 107.432
116.133 78.5437 124.45
102.311 123.576 97.8904
100.602 174.376 104.473
84.7959 95.7652 156.06
78.2423 119.306 152.065
110.407 89.478 172.787
91.6816 124.102 170.079
90.1909 139.194 164.64
122.953 90.5186 160.687
122.044 178.465 102.572
118.322 150.054 110.368
82.8154 131.803 124.147
77.0467 140.319 109.865
92.1261 150.353 99.2597
76.6067 117.755 135.643
77.5749 103.031 103.986
72.7677 118.8 108.99
89.3333 170.36 117.719
88.3553 164.191 134.188
90.6366 116.875 138.52
107.221 59.1987 124.786
93.818 141.698 84.8654
111.832 80.5324 132.259
96.5566 127.45 163.139
117.412 107.289 165.008
98.7083 160.973 112.894
91.0922 133.085 115.667
95.9488 150.646 130.452
87.8275 112.272 102.412
100.421 76.4024 118.982
87.8945 171.912 136.956
99.1958 185.632 134.265
105.613 173.963 157.101
78.7213 105.992 155.754
99.8676 92.9764 162.964
93.453 70.6658 136.938
100.594 74.0238 149.68
82.9574 86.2556 130.092
86.876 95.2672 110.805
103.677 98.3773 112.118
88.8206 183.066 117.575
114.124 163.323 104.424
101.959 177.515 107.32
111.544 83.7918 146.955
123.77 131.217 135.639
97.1778 114.389 165.857
87.933 149.571 145.776
103.377 142.869 170.32
120.063 180.453 110.774
121.596 98.628 155.646
77.9495 108.378 107.965
79.1669 111.041 125.562
79.8173 126.589 120.911
106.472 79.7047 96.6665
-nan -nan -nan
111.16 149.906 130.799
103.412 143.877 121.352
107.376 137.598 119.399
103.771 120.749 108.943
104.047 135.607 106.154
117.616 154.232 113.251
-nan -nan -nan
144.313 149.715 129.787
151.926 143.087 120.08
147.737 137.795 119.31
152.331 121.366 108.052
150.662 137.431 104.029
136.093 153.542 112.275
148.486 199.079 110.592
160.537 71.8026 114.357
133.659 115.588 181.036
176.072 136.376 133.142
142.201 203.795 125.371
132.907 182.191 127.054
133.632 159.058 154.778
135.73 132.242 161.652
130.125 105.93 148.272
134.082 99.4863 131.268
132.145 67.0438 139.332
170.359 156.428 125.969
171.306 174.215 119.005
170.648 178.764 133.212
160.141 178.251 146.427
136.142 169.324 161.985
161.877 138.978 117.408
159.78 154.175 114.478
162.8 66.4974 129.808
144.424 60.5923 143.866
152.826 93.701 108.679
132.872 82.3238 124.736
151.149 122.314 98.1597
153.529 176.381 105.156
169.143 87.7097 151.61
179.4 117.042 148.155
145.661 87.8667 171.581
167.375 124.133 165.009
166.32 140.346 162.708
132.754 87.7435 160.172
130.569 178.886 101.267
132.678 153.026 110.418
172.899 129.797 124.479
179.749 138.076 113.635
160.987 146.054 104.083
180.241 113.876 135.813
177.373 105.899 101.256
182.734 111.518 111.906
164.198 173.385 125.744
166.863 166.582 129.111
164.682 119.318 135.575
138.165 59.2005 116.752
161.16 145.028 86.3817
139.99 85.9407 129.625
159.909 126.634 160.775
137.276 108.108 162.464
156.266 163.716 113.264
165.473 131.205 115.185
158.949 152.941 129.257
166.412 114.635 102.11
143.789 72.7313 119.652
162.219 167.747 142.489
150.331 187.133 138.432
148.969 166.686 159.779
174.068 107.301 151.75
153.13 88.7091 159.23
159.075 62.3048 125.913
152.191 68.5836 142.403
166.354 77.2693 126.099
167.735 96.4261 106.596
150.129 97.081 113.366
164.728 184.631 122.97
139.415 161.718 104.461
150.296 177.763 107.2
141.689 80.6458 143.04
132.129 114.135 137.057
160.486 110.911 162.803
165.724 153.17 143.819
154.541 140.615 167.801
133.152 180.428 108.198
133.052 97.4419 157.67
177.733 103.558 108.522
173.221 104.396 127.017
175.284 123.446 125.387
149.403 81.5132 94.8571
