102.951 198.097 111.745
94.57 64.3001 105.856
120.086 112.072 179.934
72.2053 140.125 130.604
109.674 204.112 117.682
119.574 182.045 121.477
119.529 156.879 151.734
119.119 130.615 155.731
123.014 105.769 149.939
117.821 100.365 125.889
122.584 68.1296 138.777
80.1012 161.283 127.262
82.2958 172.087 107.581
77.8167 175.99 122.575
93.6419 178.558 151.144
118.195 168.959 158.604
89.7694 140.202 115.801
91.6573 153.612 115.144
89.8896 61.5594 123.922
112.826 57.7882 144.6
92.9247 94.3819 99.1101
116.335 77.8935 115.264
99.5722 125.992 93.3719
98.9775 176.049 102.784
81.4939 83.4845 151.319
72.2736 115.031 143.535
105.31 85.3458 169.56
81.9084 125.25 167.213
84.7319 140.946 163.176
121.097 88.9533 160.34
121.577 174.942 99.8448
114.948 149.327 107.316
81.4091 128.477 124.091
69.6459 136.978 113.863
82.3947 147.558 99.1973
72.9229 110.584 131.972
73.1344 105.635 96.5087
67.581 115.243 105.105
89.448 171.592 117.089
82.6321 169.97 129.314
86.7202 115.227 136.16
116.589 49.1336 115.844
79.4989 142.95 81.9635
112.757 81.2315 124.981
90.3127 128.462 162.231
111.464 107.486 164.117
97.6238 163.981 110.483
86.2815 132.933 115.273
92.9801 155.063 128.997
84.0992 119.231 92.1536
105.215 66.4839 113.797
88.7957 173.365 140.917
101.64 189.625 135.173
105.298 162.885 162.433
75.7403 98.8627 152.964
96.8142 90.1163 156.04
96.25 61.364 121.092
100.205 63.1414 136.067
83.1067 79.7212 120.64
83.8028 98.1082 102.378
97.3685 99.7125 105.837
85.9535 185.653 117.557
112.556 164.253 101.633
101.637 180.64 105.166
111.486 82.2821 140.368
122.661 120.856 136.56
88.7107 115.197 160.858
85.2789 154.056 145.094
99.0017 140.118 166.077
118.558 178.592 107.856
117.927 97.3315 153.32
76.7231 105.28 103.676
73.7036 107.799 120.726
81.4677 121.03 121.763
105.049 82.6025 85.9233
-nan -nan -nan
109.744 151.897 127.237
100.308 144.559 118.802
104.645 140.092 117.269
99.8785 121.791 105.199
99.9351 135.78 102.116
115.98 154.621 110.902
-nan -nan -nan
142.878 153.713 126.112
152.014 147.246 118.768
147.904 142.45 117.285
154.177 123.8 106.709
152.197 138.421 101.816
137.275 155.062 110.334
147.856 200.09 109.302
170.143 74.1994 108.297
133.54 115.959 182.326
181.677 143.47 132.285
144.16 207.271 121.092
134.063 183.625 123.987
134.404 162.02 153.128
134.604 136.204 157.44
130.837 110.537 151.497
137.774 100.979 126.469
134.44 68.8958 144.735
172.133 162.125 125.833
172.577 170.835 110.121
176.843 178.889 123.735
163.552 179.76 146.932
136.913 173.031 158.355
162.787 142.61 115.941
161.304 156.543 115.314
172.696 75.052 131.313
150.278 62.4494 146.507
160.616 97.1194 100.575
138.299 84.5184 119.182
149.854 129.46 91.9812
155.202 178.663 101.29
176.789 95.548 156.192
182.625 125.363 144.333
151.068 92.4361 174.35
171.137 131.632 167.287
164.926 143.409 168.429
133.225 91.9024 161.59
131.94 176.03 98.3893
132.16 154.007 107.281
172.647 133.018 123.639
183.371 144.062 111.854
164.435 150 100.63
184.82 120.639 136.614
180.924 113.201 98.426
187.924 120.633 109.827
165.83 175.554 118.217
170.206 173.404 124.121
166.187 124.425 136.488
142.563 57.2025 119.948
161.742 145.883 82.2198
145.655 85.1468 127.839
162.482 133.883 163.883
141.221 111.821 166.774
155.963 166.619 109.571
167.379 136.826 111.755
160.052 158.721 127.532
168.31 122.845 93.2986
149.825 71.1746 112.489
163.426 172.892 140.261
156.773 191.875 137.252
148.609 172.593 155.911
180.173 116.22 159.078
158.615 96.1188 160.563
162.602 70.8403 125.763
159.267 73.1678 137.384
172.852 88.4269 121.255
173.459 98.4223 103.019
157.701 103.568 106.014
171.345 184.458 113.261
139.215 167.431 101.46
152.319 181.902 103.529
146.887 84.6334 144.362
132.02 127.948 137.71
163.728 121.927 161.945
169.835 157.95 145.899
150.723 140.4 171.333
130.541 179.754 103.872
137.718 102.46 153.77
182.623 113.4 106.818
177.811 112.44 126.986
177.909 129.456 124.313
148.221 81.0844 87.8915
