 103.35 199.963 110.583
89.0766 69.4516 117.421
121.795 119.382 181.945
 74.891 137.002 134.213
111.751 206.643  118.62
120.274 182.348 126.604
 120.34 158.304 152.268
120.182 133.625 156.203
 123.53 108.995 150.537
120.221    99.5  132.71
122.671 72.9448 143.533
81.2406 156.344 122.056
85.2969 173.547 107.007
78.6944 172.325 117.334
90.9297 175.326 145.266
117.942 173.828 156.503
93.5331 139.765 118.407
94.5096 153.873 114.673
94.8522 62.7376 138.523
117.756 62.8608 151.824
98.0155 92.3139 110.149
118.348  78.416 122.001
105.651  127.98  99.478
 99.838 177.565 102.533
86.0266 85.6663 155.122
 76.924 114.257 151.241
110.216 92.7243 177.221
89.8457 128.617 169.827
90.3688 142.422 165.254
121.536  94.204 161.396
121.394 180.574 102.096
117.083 152.883 111.323
   84.5 130.319 124.834
 72.377  134.52 116.379
89.4414 150.265 102.703
71.7527 114.517  136.81
79.8687 109.413 101.466
70.0191 109.491 112.772
91.9892 173.243 113.286
84.5529 167.512 121.191
 90.679 116.367 139.356
111.935 52.4027 125.314
92.7808 147.378 87.9489
113.872 83.1467 130.981
96.0621  131.25 162.511
115.367 113.114 164.036
99.9856 164.228 110.473
91.1502 133.995 114.998
95.2603 151.309 128.691
89.4546  121.59 100.769
103.657 71.3191 120.441
86.5761 168.783 132.925
100.733 185.062 133.685
103.679  172.34 154.629
82.2448 104.622 153.986
99.8433 94.1154 161.499
100.824 62.0338 134.015
107.346 69.2738 148.231
87.8011 78.5913 129.543
88.5395 97.4502 110.793
101.993 97.2061 116.041
 88.064 185.504 112.852
113.088 164.754 104.587
103.669 180.894 104.934
112.015 84.4048 148.488
122.982 128.838 138.735
 94.743 117.137 164.489
88.4359 149.559 144.573
105.067 142.442 167.619
 120.16 180.242 107.965
118.125 100.287 154.254
77.5036 106.828 107.996
81.0383 104.622 127.467
81.3761 123.624 125.227
105.557  84.242 94.4711
   -nan    -nan    -nan
112.832  153.58 127.995
103.077 146.153 119.615
107.828 140.361 119.548
103.112  124.07 108.986
104.074 139.402 105.133
117.487 157.588 113.383
   -nan    -nan    -nan
142.646 154.347 127.095
152.013 146.606 117.855
147.351 141.155   118.5
150.483 124.007 109.445
149.746 139.822 104.303
136.967 158.475 112.275
149.282 200.726 109.821
165.291 69.5559 118.226
132.916 125.396 182.265
181.017  138.55 133.142
142.714 207.141 119.919
134.359 183.211 125.753
133.752 161.317 149.885
132.998 137.615 158.211
130.151 112.097 153.336
132.629 100.455 132.015
131.826 76.5641 144.288
175.448 154.599 122.144
171.784 180.664 109.396
177.021 172.338 118.255
165.437 175.111 143.478
135.427 176.468 155.221
162.516 140.773 117.017
162.391 154.739 113.888
159.692 65.5137 141.445
138.274 68.0467 158.094
159.777 94.4071 106.706
136.263 81.7338 121.588
148.072 130.369 97.7636
 154.69 179.653 102.773
169.991 90.6961 156.656
179.388   116.8 150.225
141.947 93.9487 177.697
165.808 128.376 167.162
163.132 143.124  164.32
131.968 95.4994 164.876
130.895  177.48 100.766
132.971 155.247 110.877
172.834   131.2 124.912
182.971 134.512 116.313
159.729 150.044 103.668
180.696  114.98 136.766
176.931 110.781 101.404
182.852 110.484 113.697
166.094 176.868 114.282
172.646 165.477 120.985
164.178 121.284  136.48
143.915 55.3968 130.087
160.411 149.461 87.8663
139.308  87.208 131.468
 158.05 131.377 161.136
137.231 116.479  165.14
156.783 164.871 111.499
 164.12 134.309 114.271
160.774  152.76 125.925
165.829 121.644 100.164
151.769 72.6784 120.324
167.756 169.486 135.549
155.411 188.014 135.714
148.906 173.927 153.704
171.556 105.472  159.11
153.032 94.0698 164.057
154.099 64.2401 135.387
148.316   71.12 150.551
166.469 75.6776 132.737
167.523 97.5513 111.401
153.362 101.835 112.807
165.903 185.396 115.647
138.958 165.412 103.595
 149.83 180.778 105.232
142.987 87.4066  148.91
131.016 135.971 139.766
159.117 118.741 162.032
167.975  151.14 140.982
150.381 146.717  168.67
131.039  178.46 106.678
 134.95 102.747 156.204
179.917 113.239 105.731
172.072  104.35 129.564
174.876 126.254 123.692
146.948 83.9697 94.5943