105.674 202.75 110.161
95.2394 57.5054 116.024
119.306 121.457 178.276
76.1568 135.676 132.772
112.848 210.11 117.476
120.854 187.696 126.053
120.375 164.703 147.97
119.903 134.738 154.272
123.155 107.813 150.09
119.239 98.3689 130.862
123.168 63.791 139.383
83.3191 159.672 127.531
87.0894 173.489 109.987
81.9147 178.24 122.964
93.3728 182.377 145.681
118.013 173.431 155.983
94.3969 140.889 117
95.2876 156.43 116.848
93.6594 58.4079 137.329
116.551 55.9395 149.542
95.8709 87.204 110.629
119.509 66.9083 116.936
103.895 127.656 100.346
101.146 180.885 103.554
88.8406 78.6827 157.067
76.8869 111.674 145.384
106.59 93.2753 174.602
84.2562 126.966 163.955
85.5021 143.671 159.878
122.056 93.0424 158.317
122.632 184.405 101.03
117.198 154.83 109.81
84.4557 125.495 126.86
74.0895 127.379 117.503
90.9017 149.743 101.017
76.6828 106.456 132.152
81.0595 111.294 102.864
73.1163 110.718 113.903
91.4335 176.512 117.321
87.2265 169.515 129.144
91.0363 113.376 135.574
113.536 43.7867 124.935
90.9909 146.978 87.4315
111.927 74.5228 127.9
92.1338 130.755 158.15
114.817 112.626 162.885
99.9416 167.46 113.391
92.4865 132.049 116.213
96.3172 154.186 128.958
91.377 115.616 102.778
105.376 60.4477 116.154
91.1383 176.593 135.27
101.922 191.275 134.893
104.696 173.63 155.168
78.585 96.7647 152.683
100.659 89.172 159.939
99.5615 57.3649 132.61
105.636 63.9117 143.641
85.7023 71.9263 124.078
86.9619 84.0344 113.294
103.439 88.905 114.67
88.7889 187.588 115.332
114.208 167.665 103.59
103.449 183.793 106.34
114.462 80.4588 145.287
123.2 121.752 139.961
92.2706 112.842 160.007
87.8479 154.046 146.05
98.0018 142.899 163.234
121.175 186.966 109.14
117.821 99.5205 154.065
77.5695 103.438 110.214
84.5636 95.629 131.813
82.1521 118.175 124.906
104.945 85.5443 93.8169
-nan -nan -nan
111.935 155.152 126.878
104.168 144.962 120.611
108.248 142.254 118.217
101.718 123.828 108.933
102.764 139.715 104.341
117.911 158.722 112.867
-nan -nan -nan
142.962 156.444 127.855
151.457 147.836 121.192
147.578 142.41 119.107
151.937 124.812 108.448
151.317 141.024 103.321
135.845 159.681 113.926
146.765 203.53 107.738
164.377 65.3429 121.648
133.442 123.724 179.025
177.046 135.302 134.454
143.978 208.871 121.568
134.399 187.173 127.147
134.178 161.198 152.084
133.57 135.981 158.358
129.556 110.471 151.67
134.254 99.328 130.757
132.051 69.2864 143.413
173.906 157.31 128.172
169.25 176.803 115.785
173.157 174.914 125.659
161.899 177.11 148.137
136.326 176.286 157.028
161.389 140.671 118.438
157.902 155.402 114.718
162.754 64.8662 141.852
139.371 62.0822 156.487
160.759 87.204 108.94
137.251 77.8017 121.586
147.826 127.615 98.6083
154.394 180.378 105.148
172.171 89.2115 156.756
178.313 115.834 146.603
145.078 95.5507 176.819
170.294 127.165 166.044
165.164 142.047 164.239
131.786 94.6201 163.432
130.657 182.924 100.481
132.04 159.14 111.569
171.611 130.12 125.162
179.689 133.938 117.235
162.096 150.549 102.918
180.587 113.424 135.265
172.26 112.385 102.408
179.866 114.985 113.763
164.201 176.731 120.127
168.905 168.288 130.102
162.724 121.352 135.357
143.645 51.9403 128.021
158.048 148.129 86.2616
144.917 83.6548 131.271
161.026 130.538 160.918
137.908 115.425 164.672
155.894 167.204 113.539
163.527 135.1 113.84
159.574 156.923 127.884
162.07 117.651 100.16
152.078 68.4511 118.655
165.643 171.162 140.627
155.06 190.381 138.099
148.301 173.052 157.214
174.139 105.315 153.204
154.88 93.1243 164.452
158.175 61.6784 136.295
149.544 67.6517 151.264
167.382 78.9482 136.636
168.575 88.0267 114.356
151.497 96.9057 113.63
165.822 185.691 118.576
138.773 166.426 105.826
150.23 183.407 107.229
142.541 84.4227 148.743
130.873 137.727 142.571
162.772 117.041 160.628
165.835 153.212 145.382
154.565 141.615 166.082
130.748 189.292 107.144
134.264 103.638 155.357
175.001 106.934 112.027
170.534 103.803 132.115
173.714 123.286 127.268
145.278 84.1726 94.7194
