103.066  197.76 111.574
91.3123  71.759 122.937
 119.08 124.843 179.434
74.1189 137.325  133.16
112.546 203.756 115.226
120.062 180.449 127.482
119.936 161.173 150.848
120.021 136.613 155.975
123.981 114.839 152.918
121.013 101.462 133.462
123.726 74.1513 147.197
81.3807 155.695  126.71
84.5628 177.326 113.499
81.6427     174 123.379
94.3716 177.098 146.197
118.125 173.269 156.311
94.7982 142.111 118.635
 95.659 155.043 116.946
93.4549 69.9456 140.785
114.978 69.8836 157.743
92.5151 95.6229  113.37
114.692 79.6228 124.496
103.922 128.085 104.366
101.159 177.851 104.644
88.4051 85.9814 157.361
75.1171 113.987 150.532
104.416  99.063 174.748
86.9942 127.533 166.881
86.8195 147.493 159.956
121.267 98.4467  164.76
122.305 179.291 102.404
114.726 152.775 113.899
83.9922 128.303 129.333
73.5948 136.304 116.688
92.2784 149.704 104.444
72.4567 111.604 138.342
 77.998 105.344 111.752
 70.938 114.785 117.248
89.8486  176.98 117.434
85.2827 163.482 127.923
89.8691 116.492 139.763
113.429  55.903   131.1
93.8364 144.174 90.9684
111.961 83.9163 134.135
 94.607 134.033 162.319
116.055 118.269 161.278
100.812 166.676 115.009
90.8661 135.731 116.774
95.1395 150.675 130.701
 90.523 119.295 106.328
102.105 73.4707 125.893
89.0227 172.168 135.333
99.5235 187.725 134.719
104.226 172.866 152.673
79.1644  98.137 155.425
98.1546 99.2784 160.637
100.414 68.0038 138.805
105.695 79.1209 149.399
89.3965 83.9807 133.614
84.3489 95.2345 117.186
98.1463 102.511 118.987
87.2022 189.225 120.202
114.564 166.564 106.649
104.475 180.426 106.911
115.093 91.9192 148.273
122.931 130.764 141.799
90.3774 121.491 159.409
85.6302 153.798 141.839
99.0657 148.312 160.811
121.183 180.703 109.968
120.004 106.038 158.382
79.2948  104.47 118.982
78.6803 107.733 130.271
81.9459 123.275  125.66
107.151 83.6119 98.4697
   -nan    -nan    -nan
112.997 153.558 129.167
103.911 146.111 123.166
107.521 140.467 121.554
102.542 124.643 113.385
103.449  138.72 107.619
117.738 158.288 116.573
   -nan    -nan    -nan
138.614 154.963  128.34
150.522 146.284 121.221
145.209 141.256  121.63
151.463 124.191 114.457
149.883 140.111 107.456
134.568 157.243 116.357
148.392 198.984  108.26
163.478 74.8096 119.281
132.459 120.459 177.131
178.251 139.265 131.989
143.613 202.512 118.457
132.987 181.313  125.15
132.641 159.166 151.729
133.031 138.019 156.937
129.546 114.041 151.903
132.934  101.15 133.134
133.026 79.3172 146.304
171.454 159.334 125.785
169.954 177.431 113.805
172.651 178.615  123.03
159.331 178.675 144.232
135.655  171.18 157.356
160.685 143.279 118.515
157.483 155.345 116.184
168.883  75.901 135.189
144.399 74.2593   159.6
158.649 95.5689 112.791
138.318 81.4379 124.886
148.169 129.269 103.549
154.238 178.178 104.892
177.435 94.8923  151.48
179.915 121.309 149.819
150.326 96.8522 174.266
166.225 129.348 163.116
166.819 142.482 159.683
132.904 97.1855 164.369
133.251 178.483 100.871
132.235 156.518  111.99
170.404 133.013 128.213
180.877 140.191 116.817
164.345 149.135 106.358
182.131 120.191  139.09
176.444 113.652 107.132
184.932 115.339 118.615
 163.14 178.079  119.69
168.009  168.85 123.662
162.489 121.926 138.826
150.484 62.5863 136.745
 159.85 148.631 91.6507
142.907 86.4297 133.762
159.596 132.308 157.656
138.822 115.433 161.166
153.628 165.092 114.539
163.025 135.407  116.92
158.091 155.081 127.858
164.983 122.966  103.07
151.342 74.7077 125.077
164.204 174.803 135.084
153.645 189.229 133.747
149.882 164.656 158.509
179.015 109.381 154.396
160.023 96.5719 160.066
160.823 74.5599 134.356
 152.19 81.5651 150.086
170.438 86.8227 125.153
170.594 96.8664 114.151
155.618 104.332 117.815
166.735  188.91 116.345
139.264 168.463 106.294
150.553  179.38 107.164
142.148 92.5045 149.029
  129.8 129.486 141.732
161.308  118.69 162.309
168.185 155.564 139.519
154.962  144.84 161.578
132.826  181.33 105.526
134.506 105.642 156.167
178.797 112.192 115.775
173.687 109.157  131.02
174.185 128.307 127.231
146.939 84.0508 97.9786