103.066 197.76 111.574
91.3123 71.759 122.937
119.08 124.843 179.434
74.1189 137.325 133.16
112.546 203.756 115.226
120.062 180.449 127.482
119.936 161.173 150.848
120.021 136.613 155.975
123.981 114.839 152.918
121.013 101.462 133.462
123.726 74.1513 147.197
81.3807 155.695 126.71
84.5628 177.326 113.499
81.6427 174 123.379
94.3716 177.098 146.197
118.125 173.269 156.311
94.7982 142.111 118.635
95.659 155.043 116.946
93.4549 69.9456 140.785
114.978 69.8836 157.743
92.5151 95.6229 113.37
114.692 79.6228 124.496
103.922 128.085 104.366
101.159 177.851 104.644
88.4051 85.9814 157.361
75.1171 113.987 150.532
104.416 99.063 174.748
86.9942 127.533 166.881
86.8195 147.493 159.956
121.267 98.4467 164.76
122.305 179.291 102.404
114.726 152.775 113.899
83.9922 128.303 129.333
73.5948 136.304 116.688
92.2784 149.704 104.444
72.4567 111.604 138.342
77.998 105.344 111.752
70.938 114.785 117.248
89.8486 176.98 117.434
85.2827 163.482 127.923
89.8691 116.492 139.763
113.429 55.903 131.1
93.8364 144.174 90.9684
111.961 83.9163 134.135
94.607 134.033 162.319
116.055 118.269 161.278
100.812 166.676 115.009
90.8661 135.731 116.774
95.1395 150.675 130.701
90.523 119.295 106.328
102.105 73.4707 125.893
89.0227 172.168 135.333
99.5235 187.725 134.719
104.226 172.866 152.673
79.1644 98.137 155.425
98.1546 99.2784 160.637
100.414 68.0038 138.805
105.695 79.1209 149.399
89.3965 83.9807 133.614
84.3489 95.2345 117.186
98.1463 102.511 118.987
87.2022 189.225 120.202
114.564 166.564 106.649
104.475 180.426 106.911
115.093 91.9192 148.273
122.931 130.764 141.799
90.3774 121.491 159.409
85.6302 153.798 141.839
99.0657 148.312 160.811
121.183 180.703 109.968
120.004 106.038 158.382
79.2948 104.47 118.982
78.6803 107.733 130.271
81.9459 123.275 125.66
107.151 83.6119 98.4697
-nan -nan -nan
112.997 153.558 129.167
103.911 146.111 123.166
107.521 140.467 121.554
102.542 124.643 113.385
103.449 138.72 107.619
117.738 158.288 116.573
-nan -nan -nan
138.614 154.963 128.34
150.522 146.284 121.221
145.209 141.256 121.63
151.463 124.191 114.457
149.883 140.111 107.456
134.568 157.243 116.357
148.059 199.064 108.134
163.269 74.7024 119.218
132.369 120.7 177.055
178.213 139.182 131.931
143.613 202.541 118.569
132.944 181.092 125.128
132.696 159.063 151.763
132.984 138.137 156.918
129.491 114.155 151.96
133.005 101.19 132.88
133.127 79.2561 145.962
171.449 159.457 125.797
170.033 178.137 114.19
172.429 177.205 123.006
159.669 178.296 143.982
135.637 171.312 157.257
160.686 143.118 118.541
157.614 155.165 116.443
168.49 75.6248 135.27
144.08 74.5501 159.664
158.536 96.0402 112.716
138.348 81.2225 124.884
148.164 128.993 103.693
154.338 178.029 104.89
177.516 95.0377 151.4
180.009 121.413 149.821
150.274 97.053 174.389
166.059 129.27 163.212
166.853 142.526 159.593
132.965 97.4534 164.72
133.307 178.363 100.874
132.676 155.073 112.622
170.747 133.094 128.247
180.982 139.89 116.928
164.251 149.162 106.255
182.117 120.135 139.166
176.403 113.562 107.167
184.974 115.294 118.42
163.125 178.197 119.45
168.358 168.902 123.446
162.483 122.137 138.813
150.519 62.5333 137.161
159.768 148.514 91.6212
142.832 86.8333 133.727
159.755 132.466 157.717
139.087 115.542 161.219
153.908 165.265 114.514
163.145 135.386 116.938
158.121 154.74 127.863
165.189 123.201 103.056
151.233 74.4119 125.072
164.374 174.56 135.048
153.844 189.183 133.825
149.609 164.974 158.393
178.775 109.67 154.563
160.192 95.9636 159.857
160.792 74.9166 133.791
152.316 81.7092 149.923
170.579 87.101 125.322
170.507 96.2382 114.312
155.675 104.272 117.897
167.241 188.399 118.015
139.383 168.635 106.282
150.437 179.397 107.083
142.142 92.4193 149.322
129.837 128.861 141.59
161.199 118.531 162.481
168.338 155.255 139.51
155.086 144.794 161.558
132.199 178.217 105.527
134.469 105.552 156.088
178.494 112.855 115.653
173.661 109.587 130.605
173.942 128.075 127.34
146.939 84.0508 97.9786
