104.818 199.796 112.926
89.1375 66.3339 111.688
119.158 116.172 180.838
70.7059 135.495 133.178
112.9 205.996 121.871
119.326 179.104 127.403
117.884 154.359 152.721
118.473 130.208 156.573
122.814 107.787 150.922
117.722 96.1358 128.407
121.456 66.9553 140.744
77.1768 158.029 129.111
84.6217 168.939 111.167
79.5973 175.86 125.586
94.7775 175.405 152.101
117.315 168.213 159.192
89.909 137.724 116.492
90.7332 153.512 113.526
90.8769 64.2208 132.224
110.808 60.8182 146.894
92.6094 89.0192 104.371
117.911 74.8402 116.311
103.345 125.367 96.1015
98.0898 177.024 104.693
79.8972 84.3579 154.473
69.1654 111.197 146.034
103.813 90.5132 172.994
81.1176 124.932 167.914
86.2316 138.468 164.608
120.84 91.4626 158.94
121.961 177.86 102.547
114.488 150.119 110.038
78.1346 126.964 123.759
71.7838 138.322 111.366
88.3642 150.063 100.776
70.2497 107.931 133.526
75.9668 99.0878 100.116
69.295 114.649 107.267
87.5253 173.987 119.468
81.9248 164.382 125.542
84.2418 111.643 135.696
110.901 53.165 114.578
89.1083 144.405 84.3793
111.89 76.5861 125.316
89.6274 126.336 160.227
112.5 107.95 163.344
97.0574 165.079 112.493
87.8602 131.532 112.68
90.9085 147.308 128.684
87.827 114.578 97.7939
103.145 70.3927 111.858
89.3825 169.839 140.715
100.65 186.216 136.098
104.67 164.698 158.711
69.9202 93.9387 148.607
96.6465 91.7869 159.564
95.6684 64.2727 126.235
100.283 68.9917 140.699
86.3887 79.1997 126.074
81.3241 87.8971 106.651
100.438 97.7687 107.384
85.165 186.286 118.645
112.586 161.439 104.484
103.14 181.918 107.375
110.089 79.1167 143.645
122.903 119.734 136.682
85.8284 113.103 160.149
85.7926 148.089 147.568
98.6232 136.428 167.289
119.247 183.909 111.283
117.429 98.233 154.517
77.0677 102.595 106.675
73.7921 106.432 121.318
75.4927 121.932 119.193
105.938 84.0892 90.2411
-nan -nan -nan
107.52 150.569 128.705
99.7442 142.263 118.817
104.641 138.61 117.267
98.6942 121.968 105.812
100.273 137.581 102.718
115.72 155.111 113.27
-nan -nan -nan
144.579 152.078 127.223
153.883 144.98 118.077
149.166 140.641 116.992
154.152 124.071 105.466
151.068 140.697 100.471
136.004 155.615 111.93
146.035 202.59 110.274
162.522 72.1987 106.069
132.764 117.965 182.24
181.164 140.983 133.589
143.394 206.444 125.567
135.539 179.879 128.498
135.31 155.08 153.257
133.175 131.211 159.64
130.651 108.601 147.538
138.223 99.4744 128.521
134.896 68.9538 143.729
173.705 157.291 122.55
172.038 181.406 109.79
175.983 173.178 119.158
163.397 178.645 148.328
137.204 174.576 157.003
162.753 143.035 115.048
160.564 154.987 111.497
166.558 69.5934 125.673
149.135 66.4671 151.201
161.297 98.7352 100.948
135.218 82.7326 120.885
149.377 125.049 95.1731
152.335 178.736 103.743
176.189 90.0965 153.569
182.895 120.88 150.913
148.018 94.0212 174.346
169.512 129.28 169.775
170.2 145.506 160.952
133.931 91.7653 159.068
131.069 179.485 102.817
131.275 154.62 110.54
173.548 137.115 120.875
181.768 142.748 112.604
158.656 152.85 97.9985
184.765 122.868 135.295
177.01 114.641 94.0771
184.47 122.834 107.417
166.639 176.709 114.243
171.381 168.421 122.103
167.035 123.853 134.767
143.078 57.4335 118.095
156.643 149.086 81.8632
146.155 86.8641 126.781
162.244 131.102 160.715
137.306 114.223 163.648
154.697 166.002 110.311
165.068 138.831 109.265
162.192 155.142 124.272
166.94 120.693 94.0512
148.178 73.9442 115.465
167.938 173.329 137.291
155.471 189.143 138.96
149.799 163.412 161.681
176.349 107.6 162.06
161.181 95.1684 160.067
160.38 64.4064 119.552
156.124 72.775 138.802
169.609 82.6994 118.503
172.403 96.0571 105.483
151.61 99.9902 108.243
166.687 188.726 117.467
138.094 164.896 104.852
150.88 182.598 107.244
145.941 83.059 143.709
131.991 136.404 137.437
160.977 116.267 162.959
168.553 157.509 143.568
155.752 143.342 165.332
131.912 184.876 110.49
134.922 101.102 154.175
178.707 115.656 103.379
176.945 109.501 125.345
178.105 130.716 122.145
147.79 84.8459 89.0968
