104.155  199.45  106.42
 86.798 65.8846 110.787
118.489  109.69 181.327
 73.524 138.041 134.937
109.703 206.768 113.001
120.342 182.537 125.409
120.536 154.725  153.08
120.062 129.182 158.546
122.834 106.143 148.491
119.315 97.2419 125.751
 123.41 65.2133   137.1
77.6562 158.621 126.211
80.9476 172.459 112.337
80.6393 176.513 122.926
89.5223 174.849 150.497
118.143 167.971 160.081
92.0105 140.756 116.448
92.3388 154.967 115.119
93.9538 61.0818 136.155
115.666 58.5761 144.502
93.1089  92.465 102.916
118.939 71.6443 113.129
102.303 130.801 90.9728
98.7855 177.229 101.318
81.3054 82.9479 152.272
70.4976 110.827 144.751
102.951 88.7196 172.701
  83.07 121.008 168.633
86.2643 135.816 168.218
121.052  88.883 158.985
122.746 176.738 98.9179
  116.8 151.639 110.697
78.9423 129.196 126.223
69.4771 141.119 112.757
88.8389  154.68 97.1248
70.6578 109.359 133.961
72.7933 113.214 96.7659
67.0608 109.849 112.917
86.4618 176.787 116.869
83.0659  165.56 123.971
87.1173 113.265 135.282
110.579 49.4615  114.24
90.9489  152.46 80.3574
111.855 76.0101 123.878
91.3878   125.2 163.383
114.578 106.272 163.482
97.0277 166.297 111.105
87.7544 135.229 113.392
93.0891 149.372 130.198
85.1187 126.086 95.1153
104.114 67.7808 107.474
88.8223 173.072 137.296
101.388 194.846 132.989
104.869 168.178 159.104
75.1553  93.913 146.348
95.2954 91.4517 157.201
98.3358 61.4278 130.065
104.433 68.2193 145.429
 88.987 77.9481 125.713
84.3248 99.8506 105.669
101.848 96.4899 107.245
85.5452 189.072  113.77
114.571 162.978 102.894
102.469 181.031 103.606
 113.09 82.0901 140.494
121.804  117.58 138.073
88.8412 111.341 162.494
82.2523  154.22 145.553
100.094 136.204 169.321
121.366 181.801 105.768
117.515 97.3487 153.109
 75.877 111.615 107.892
76.6678  104.66 125.803
78.2184 125.218 120.667
103.815 82.1779 85.9359
   -nan    -nan    -nan
112.304 152.979 129.422
101.507 145.691 120.531
106.125 140.058 119.672
99.6217   125.5 105.552
101.014  139.84 102.293
    118 156.736 114.313
   -nan    -nan    -nan
141.394 154.174  128.86
152.703 145.641 120.576
147.573 140.801 120.033
153.805 124.089 106.614
 153.21 140.654  101.68
136.486 155.806 113.062
147.976 200.346 106.022
170.646 68.2842  111.91
132.882 108.897 183.022
 180.11 140.759 137.287
145.614 205.641 118.215
134.645 182.118 124.385
133.333 156.144  155.03
133.143 130.411 160.448
129.797 108.538 147.937
  135.1 99.1846 126.103
 133.28 70.1812 135.998
173.492 158.781 131.864
173.576 179.524 114.739
175.493 175.135 125.796
 165.42 175.456 149.751
137.596 169.354 160.923
162.562 141.826 118.679
161.063 154.722 115.149
167.887 67.4156 137.174
144.305 62.6179 149.968
164.537 91.6469 100.996
138.047 79.0175  113.92
151.301 132.857 90.5604
156.127 177.297 101.115
179.059 93.7685 152.113
181.262 121.722 150.943
148.695 86.8571 172.918
168.307 122.184 171.553
166.807 136.454 168.291
131.333  86.955 156.157
132.857 173.808 97.2958
133.684 153.694 109.782
171.279 133.374 128.174
182.566 144.788  115.64
167.074 153.224  98.927
180.958 121.356 137.532
182.366 109.981 98.9022
188.226 121.056  111.82
167.021 175.759 119.249
169.147 165.995 128.497
164.008 121.034 137.852
144.988  53.058 117.788
164.563 154.859 82.0531
142.759 83.1619 124.102
160.581 124.939 165.441
134.519 106.567 164.746
158.495 165.963 111.767
166.165  135.97  114.77
159.807 154.307 129.436
167.517 120.736 97.7311
157.056 70.5819 109.463
165.169 174.763 136.229
155.298 191.462 138.128
150.493 162.909 161.399
177.331 110.827 148.973
161.743 95.2733 161.735
 160.96 64.5667 125.972
153.308 67.3694 143.183
176.287 83.7212 128.231
173.104  99.529 106.107
155.201 99.3894 107.181
166.937 188.106 113.721
140.143 164.829 101.351
152.218 179.967 103.554
144.362 82.7572 141.759
131.052  131.48  138.66
158.988 110.912 164.655
 170.15 152.769 146.943
152.427 133.283 172.414
132.823 178.362 102.918
 134.53 99.1623 150.639
182.213 111.303 107.046
176.942 109.832 127.732
173.818 127.829 129.075
149.683 81.9992 85.6894