102.812 201.431 109.229
86.8294 67.531 112.856
120.552 108.51 180.374
71.0999 132.276 134.264
108.33 207.929 117.98
119.341 184.17 128.944
120.19 157.495 151.977
119.847 127.442 154.453
123.664 104.743 147.373
121.572 95.9525 126.206
122.346 63.2024 142.043
76.6176 153.453 128.536
79.6585 173.913 111.388
77.321 173.168 124.286
91.2836 179.099 148.095
118.15 169.112 159.284
90.0687 139.086 113.443
90.9597 153.183 113.227
89.5695 62.0408 136.428
112.934 56.2481 150.314
96.3736 88.3176 106.908
118.508 69.1209 116.89
102.262 124.844 93.1616
98.5729 178.819 102.513
82.2436 81.6127 156.984
72.3625 108.146 146.065
107.089 82.0977 170.877
80.4244 119.352 165.798
85.8981 136.397 164.378
122.263 86.909 158.341
121.651 179.179 100.842
117.702 151.894 108.476
81.8176 130.138 123.186
68.8126 138.661 110.163
88.3255 151.931 98.58
67.2431 109.375 132.673
72.8514 108.125 97.8714
68.032 109.328 110.559
84.878 172.875 118.419
83.9851 161.06 131.382
86.9396 111.285 133.565
108.894 45.5141 124.483
90.4116 147.384 81.8478
111.149 76.096 127.574
91.7034 124.143 159.852
115.828 105.055 162.767
95.6254 165.727 111.038
86.3327 134.092 110.681
93.3663 148.17 127.971
83.8736 117.706 97.0389
105.723 62.8668 111.835
86.4973 169.852 138.876
100.511 188.66 135.822
103.945 167.823 159.45
67.8986 93.7826 153.638
98.527 89.4677 158.744
95.6149 63.6848 131.349
101.332 67.652 145.917
86.1297 77.4213 125.427
85.6816 92.324 105.931
101.85 94.538 110.949
83.9834 187.696 114.834
114.453 163.484 102.463
101.347 182.057 105.491
111.723 83.8964 141.942
122.852 125.242 137.791
89.9206 109.071 159.093
86.2731 146.621 147.826
101.246 135.52 167.386
119.827 186.769 108.803
119.291 96.7761 152.348
73.4389 106.717 108.092
74.9631 100.948 127.767
76.2154 123.636 123.267
105.008 81.9179 87.6525
-nan -nan -nan
112.561 153.652 126.482
102.142 145.777 117.446
106.975 139.146 117.344
100.088 120.752 107.301
101.409 138.024 100
117.36 157.608 112.038
-nan -nan -nan
142.242 154.286 127.177
153.02 146.51 116.863
147.785 140.145 117.7
153.532 122.635 106.943
151.868 139.664 100.305
137.096 158.14 112.35
146.29 204.499 108.715
168.85 69.8609 112.18
132.178 107.231 177.91
181.488 138.301 131.191
143.588 208.821 122.552
134.309 184.533 128.324
133.501 154.261 154.348
133.51 128.443 157.604
129.968 104.421 146.323
132.462 96.2107 124.753
132.951 61.0859 132.102
177.597 157.403 124.648
174.868 169.231 109.099
179.506 176.533 121.793
166.497 175.874 148.294
136.245 172.323 159.599
164.949 139.883 115.083
163.369 153.165 111.2
165.38 63.838 134.418
143.849 57.3834 146.324
157.645 95.9775 103.483
132.932 79.9179 114.851
149.342 131.851 90.9894
156.165 180.989 103.932
175.534 86.3322 153.352
183.52 113.156 144.302
148.243 84.7731 173.217
174.748 121.339 163.325
170.751 137.316 162.139
132.222 85.0642 157.378
131.327 178.112 101.233
132.374 155.027 110.615
174.317 131.016 123.654
186.141 137.49 113.431
165.802 152.57 98.8718
185.703 115.855 132.321
179.137 111.73 95.9376
187.615 114.309 109.434
168.766 168.983 118.754
174.665 168.061 124.943
164.625 117.949 133.829
146.605 55.4859 114.098
163.367 153.467 83.4754
142.665 80.3013 124.822
164.106 125.296 158.032
139.196 105.331 161.805
159.311 166.333 110.539
167.315 134.863 111.336
162.232 152.7 125.976
167.363 123.808 94.351
149.932 71.4018 113.326
168.134 171.427 137.358
157.135 188.931 139.563
149.769 166.156 160.254
179.236 103.115 156.233
156.767 90.7867 159.145
159.229 63.3576 126.051
152.635 65.8808 144.502
171.058 80.9734 125.051
168.139 95.1485 106.706
151.644 101.421 106.969
166.472 186.704 117.101
139.411 161.697 103.866
151.669 182.647 106.133
142.686 80.9477 142.261
132.209 125.195 136.783
165.878 112.529 159.067
168.522 151.24 146.204
155.371 135.042 168.599
132.259 190.45 108.158
133.68 95.8491 150.267
178.619 112.578 105.021
177.032 102.395 128.508
177.446 125.342 123.758
148.262 81.7745 87.1493
