106.204  203.99 109.746
92.4817  63.169 108.724
120.934 110.294 177.075
76.1967 137.001 133.166
114.801 210.144 117.946
121.401 183.996 125.802
120.384 160.324 150.628
120.275 129.997 156.229
123.511  107.79  151.87
 120.44 100.051 129.176
120.424 62.5018 141.485
81.2388  159.56 125.525
 84.785 177.965 109.813
81.5017 177.567 121.115
93.7423 177.186 148.203
118.808  168.61 159.721
92.1256 139.338 116.335
92.9575 155.508 111.887
89.8392 59.7445 128.513
108.788 54.3068 144.335
92.6151 85.6244  105.46
119.375 72.8809 118.943
102.612 126.551 93.1817
101.259 179.987 101.753
83.4663 82.7613 154.788
73.3811 112.359 145.408
105.125 85.3943 173.086
86.2205 123.889 166.744
86.8818 141.676 161.715
120.565 86.6213 161.615
122.629 180.137 100.197
116.582 151.342 106.893
83.0668 128.102 123.134
73.8725 134.259 114.296
92.4218 151.039  97.803
 69.828 106.795 134.445
77.9601 109.221 98.3516
70.0229 110.659 111.804
89.6063  177.21 115.886
85.8711 169.635 126.635
88.0331 113.136 135.747
112.605 48.9385 112.572
91.5312 148.119 83.5135
110.872 77.1706 126.142
92.9452 127.745 159.653
 112.81 106.173 162.246
98.9938 165.264 110.099
89.9187 133.504 111.623
94.5255 152.392 127.455
 88.173 117.863 99.4958
107.626  67.901 110.804
90.4186 175.767 134.877
104.738 193.288 133.544
104.642  169.19 157.983
 73.575 99.0958 148.879
   96.1 89.2133 159.999
95.7289 60.0011   122.6
 99.569  63.108 138.605
84.2981 77.0721  122.68
83.4471 90.1504 108.146
102.257 95.4123 108.738
88.0098 190.778 114.882
114.992 166.385 101.228
104.097 183.656 104.924
110.234 81.3348 141.862
123.935 128.383 138.084
89.9587 110.578 161.228
90.6889 152.809 144.498
100.972 137.993 165.874
119.971 182.695 109.093
119.636 95.7271 155.049
76.6161 105.232 107.251
79.3914 101.803 126.073
79.5063 118.886 122.737
104.419  85.756 90.5625
   -nan    -nan    -nan
111.925 154.225 127.336
103.202 146.188 116.968
107.574 140.187  116.53
100.749 124.308 103.806
103.473 139.206 100.422
118.441 156.833 111.364
   -nan    -nan    -nan
142.989 153.591 128.008
151.163 148.243 118.602
 147.32  140.83 117.729
151.218 124.496 104.759
149.895 140.952 100.237
136.667 157.288  111.96
149.535 202.674 110.287
163.363 68.9072 109.271
129.923 113.223 175.909
178.409 139.068 134.088
142.906 208.278 123.698
 134.96 184.433 125.579
134.619 159.036  150.74
133.201 132.821 159.438
129.385 109.241 150.016
133.244 99.6472 129.732
130.843   67.75 142.008
176.174 156.902 128.657
170.655 173.388 111.754
174.916 175.603 124.693
161.417 178.096 148.207
 136.52 170.798  160.47
162.841 142.932 114.846
  162.8 156.638 112.843
163.436 64.0934  130.63
143.875 60.3147  152.21
155.756 94.2785 101.997
133.231 78.3276 119.799
146.327 129.823  93.422
154.505 180.511 102.209
173.876 86.9371 150.921
180.227   115.1 147.616
145.747 89.4595 176.615
167.501 121.606 168.099
166.095 137.973 167.233
132.021 84.8917 159.889
130.733 180.251 98.9915
132.024 155.866 110.024
170.748 132.292 119.955
181.208 137.919 112.282
161.108 155.111 95.4443
182.752 118.135 133.957
173.956 113.393 95.7974
182.111  114.94 107.036
165.603 175.263 120.172
170.533 165.933 130.196
165.987 119.385 133.773
141.289 52.2991 119.274
155.789  151.22 81.3103
141.032 82.7816 127.342
161.519  126.41 161.008
138.316  108.48 160.345
157.231 166.487 109.396
165.266 137.703 109.494
161.257  154.47 127.893
162.893 122.227 96.6544
141.966 70.3792 112.852
163.924  170.26 140.287
155.439 185.826 137.285
149.239 168.536 159.746
174.326 100.263 149.845
  159.8 92.8022 163.994
156.327 63.7457 123.429
152.583 66.0711 142.832
170.967 79.2666 122.375
165.315  94.225 108.223
149.316  96.676 109.111
167.158 184.594 116.194
138.909 165.366 102.155
149.867 181.182 105.268
143.732 81.6644 144.504
132.357 139.367 138.423
160.379 111.556 162.173
164.305 150.535 148.923
153.031 134.718 172.156
132.347 182.147 105.005
132.637 96.4226 156.271
177.066 115.423 100.474
173.264 103.293  125.01
175.511 128.516 121.003
147.464 86.1317 89.9132