104.891 194.724 105.314
94.2048 70.3646 129.689
118.986 127.492 183.625
80.3294 141.562 135.339
113.206 203.332 109.783
120.629 180.081 123.152
119.594 163.584 149.83
120.371 139.39 159.658
123.022 113.041 155.249
119.132 101.533 138.795
122.228 71.1936 158.357
82.0519 159.671 126.942
85.555 177.63 109.237
82.9645 175.984 118.996
93.8738 183.947 141.788
118.028 176.892 153.405
94.2076 141.896 121.623
95.2761 155.122 116.155
92.1531 71.7097 148.704
110.932 67.191 163.404
96.6905 98.3383 117.594
119.025 78.8277 137.13
106.175 126.801 106.148
101.501 174.695 100.912
86.3415 94.6336 161.458
77.0116 119.728 148.577
105.355 100.834 178.469
88.0308 133.203 169.114
88.9331 148.194 164.076
121.184 100.633 169.784
122.2 173.326 99.0173
118.268 150.316 112.551
86.4342 134.153 129.06
75.0948 138.398 120.535
92.7292 148.851 105.189
77.289 119.361 139.819
78.3486 111.776 110.581
70.1755 119.463 118.7
90.5988 179.864 112.642
86.6387 166.953 121.858
93.8015 121.4 142.188
111.268 56.7526 139.021
92.8027 143.568 89.6289
113.119 83.1394 143.906
94.645 136.528 163.914
114.71 120.255 167.132
100.566 164.181 110.93
91.5307 135.236 119.837
96.55 155.82 129.998
91.0284 122.906 107.927
106.048 74.0896 130.486
87.4733 174.073 135.067
101.687 187.584 130.48
104.97 177.717 153.03
79.7137 106.863 155.586
100.248 101.78 165.026
97.5762 67.8926 143.379
103.35 75.7919 154.205
88.4943 85.0818 136.106
84.8074 98.0947 118.129
101.741 99.8013 126.287
88.0493 190.138 112.892
115.41 163.113 102.443
103.809 175.268 103.274
115.152 86.5401 157.547
121.837 129.604 145.053
89.9072 122.749 164.688
85.6449 158.49 143.803
100.257 152.316 166.374
120.216 178.947 105.972
119.966 106.91 160.662
75.2372 113.112 114.12
80.5615 110.665 133.364
84.3854 127.294 128.622
105.454 82.5338 106.344
-nan -nan -nan
114.51 156.681 129.423
104.311 147.445 122.877
108.655 141.252 124.372
104.985 124.309 116.369
105.642 138.369 109.256
118.904 155.373 115.775
-nan -nan -nan
139.153 157.199 130.466
150.317 148.501 123.536
145.777 142.358 125.398
151.495 124.602 117.937
150.081 138.092 109.891
136.284 157.017 116.305
146.727 194.517 103.321
163.425 76.5833 128.626
131.86 129.148 184.102
174.113 145.911 142.872
141.882 203.573 113.275
134.609 180.635 123.502
131.906 160.681 153.55
131.802 142.319 160.551
129.489 118.758 156.722
134.689 105.711 137.772
133.067 80.1599 159.143
173.21 158.629 129.791
171.135 182.936 113.483
172.274 176.498 124.158
157.997 185.381 142.435
135.345 178.103 152.621
160.993 143.731 123.805
160.62 156.118 117.968
163.09 76.1868 146.799
144.103 77.4347 169.201
156.768 96.8862 118.171
136.481 84.9283 134.91
147.697 128.582 104.259
154.394 173.759 102.182
170.117 101.317 159.125
173.604 128.126 154.872
145.167 105.253 180.717
161.608 137.288 172.289
159.272 150.733 170.452
131.346 103.859 169.343
133.373 169.368 99.5097
132.818 153.129 113.254
169.044 138.024 131.735
179.384 142.868 121.456
160.509 149.149 108.725
176.358 126.108 146.363
177.165 114.216 110.219
183.638 122.444 120.633
163.509 176.915 117.848
166.723 167.376 123.559
159.252 128.978 144.225
142.225 61.2849 144.374
161.126 143.395 91.1062
141.123 92.4009 142.329
155.501 140.254 168.585
136.093 124.084 168.551
155.626 164.574 113.944
163.507 137.349 120.97
157.756 157.655 131.154
164.399 123.573 104.812
146.715 74.9725 134.855
165.803 174.1 140.557
152.698 191.732 131.89
145.565 173.099 155.08
170.398 115.792 158.449
153.045 103.989 170.117
154.918 73.3201 145.437
153.242 79.3118 160.92
168.037 87.1622 136.722
167.198 103.401 120.92
152.241 103.893 124.103
164.772 188.501 117.085
140.334 162.783 103.793
152.054 175.804 104.765
140.924 92.7994 154.158
130.511 134.579 144.825
155.771 127.004 168.777
162.639 160.893 148.912
148.822 151.834 173.135
132.634 176.893 102.363
132.927 111.609 160.326
178.251 114.993 117.858
170.569 113.158 136.216
170.463 132.824 131.912
146.6 82.9196 106.11
