103.021 199.384 111.28
97.4934 63.5643 114.598
119.316 108.552 179.302
71.098 132.223 134.505
113.347 205.565 116.805
119.484 180.244 127.468
118.667 157.15 152.591
119.193 130.114 158.188
122.793 106.584 149.066
118.493 98.1002 130.603
123.255 71.4655 139.248
75.8567 152.056 128.829
82.0908 173.169 112.125
77.7984 171.766 122.657
90.1496 177.441 146.237
118.433 168.195 157.404
90.9557 137.226 119.21
90.5639 152.9 115.242
94.6816 63.2257 137.744
117.69 63.097 149.766
93.3908 86.4022 109.498
118.841 73.0379 119.959
99.2085 126.977 97.5963
98.4745 177.36 103.015
80.6504 80.562 148.454
73.1055 109.893 149.77
100.687 87.0715 170.717
83.8755 120.395 166.945
86.0629 135.228 164.683
120.235 89.784 161.486
122.51 177.27 101.294
115.066 149.83 111.417
80.2376 124.616 125.202
69.6877 135.177 114.905
85.3372 147.133 101.993
68.9481 108.708 137.882
73.142 103.41 104.245
63.8815 113.653 111.749
86.1533 174.099 118.562
80.2941 160.085 129.419
84.9652 111.048 137.491
111.548 51.2416 121.407
84.8082 147.52 87.4427
110.461 77.5374 128.477
90.5206 124.922 160.046
111.723 105.461 161.998
95.0441 164.81 111.877
86.8225 130.257 115.771
90.6543 149.084 129.657
83.9309 116.96 103.108
110.016 67.7917 114.901
85.8973 174.054 135.173
101.151 189.851 136.867
103.231 167.403 159.997
70.654 97.263 145.46
95.0238 87.6819 157.281
98.7714 60.346 133.345
105.478 68.0869 146.316
84.355 75.1176 126.637
83.5473 85.3243 115.083
100.275 96.9522 111.331
85.2261 188.222 116.142
111.939 164.731 104.192
101.071 181.667 105.439
112.903 81.5927 146.632
123.13 128.975 139.115
88.5345 108.77 159.398
81.9102 148.567 143.984
97.0112 137.355 166.444
118.926 179.388 108.905
118.708 97.7532 154.609
70.1491 111.53 108.478
72.8094 102.245 125.56
75.7542 118.425 124.007
103.816 84.7919 94.135
-nan -nan -nan
106.8 151.954 130.406
99.1588 144.357 120
104.482 140.11 119.457
98.5127 124.915 107.267
100.138 138.155 104.679
116.382 156.252 114.529
-nan -nan -nan
144.721 152.495 129.698
154.151 143.381 120.199
149.058 139.854 119.592
155.331 123.48 108.064
152.758 139.413 104.175
137.065 156.083 114.221
150.72 200.769 109.899
163.611 70.4709 115.855
133.354 111.615 180.826
183.389 136.997 133.428
144.136 205.475 123.026
135.818 180.96 126.912
134.848 155.262 155.143
134.212 130.134 158.624
130.879 107.681 149.191
137.982 98.9656 128.452
133.404 72.4622 137.449
175.197 152.54 127.516
170.551 167.051 115.451
178.741 171.789 124.75
164.831 174.108 150.001
137.14 166.945 159.935
163.706 140.534 116.335
160.094 153.476 114.545
170.595 71.022 133.156
145.366 65.5512 150.001
163.474 91.633 105.906
137.29 76.9445 118.831
151.031 128.755 96.5379
156.915 176.742 103.291
174.37 87.2426 152.477
182.416 117.326 147.105
149.941 88.322 171.673
169.127 122.472 168.277
166.843 136.22 166.523
134.598 89.7995 159.211
131.788 178.584 100.422
133.83 153.822 111.901
177.452 130.818 122.865
186.738 139.684 114.967
166.382 150.882 100.023
184.249 116.864 133.847
180.185 111.81 98.175
190.139 119.58 108.947
169.045 169.808 124.925
169.225 162.391 126.911
167.191 119.078 134.478
146.416 55.3262 127.995
162.538 149.242 86.4517
147.632 83.8261 127.675
162.865 125.896 161.644
139.516 106.404 164.695
157.222 166.074 112.722
169.17 135.695 111.613
161.471 153.871 129.404
167.231 121.901 97.1449
152.485 73.1696 115.857
169.312 163.337 142.577
158.609 187.614 136.553
150.774 165.77 159.234
178.363 105.367 149.27
158.987 90.7768 159.287
160.304 66.2889 128.419
158.141 74.0879 142.029
177.03 85.0171 123.316
173.482 97.9437 108.671
155.115 99.8397 109.86
169.375 179.324 117.51
140.297 165.685 104.174
152.481 181.417 104.784
143.411 83.3707 143.811
133.087 130.048 139.977
163.898 114.343 161.042
167.813 147.689 148.178
154.533 133.74 168.745
133.492 179.905 106.108
135.805 98.0452 153.985
183.915 111.204 105.554
181.225 107.08 126.141
180.609 126.737 120.64
148.204 84.4967 93.4771
