102.082 199.104 111.924
93.0178 63.6363 115.055
121.382 113.989 178.374
75.0333 134.826 132.979
109.555 204.781  118.09
119.476 180.623  124.45
120.377 155.557 150.988
119.919 131.843 154.495
122.963 110.321 148.407
119.569 99.9427 128.948
122.818 63.0212 136.549
80.5105 156.172 127.716
84.0737 173.577 109.942
80.1483 171.229 121.124
91.3667 173.218  147.78
118.678 169.842 157.088
92.1751 139.997 118.473
93.6325 154.891 114.832
90.0399 62.5708 132.989
113.204 57.3575 146.981
92.1139 93.8331 106.711
115.842 76.2095 118.746
101.397 126.295 95.2742
100.194 176.554 103.558
90.5733 79.9764 157.271
74.6837   110.1 150.765
110.948 84.7276 171.553
86.9488 125.471 165.371
 88.912 138.997 162.618
121.389 91.4513 156.461
122.355 180.445 101.784
119.938 152.055  111.36
80.9254 129.044  124.41
71.6489  135.85  115.03
90.7723 150.119 100.655
69.1199 108.898 136.722
72.8267 104.407 102.767
67.6166 110.869 115.509
87.3826 175.299 116.566
86.7024 163.226 126.548
87.2951 114.617 136.878
110.783 52.3333 117.662
 89.088 149.146 86.5485
114.868 78.9313 126.705
93.0843 128.577 158.707
114.665 111.518 160.402
98.8262 166.944 112.817
88.8161 134.232  115.32
93.9206 151.067 130.238
85.0887 119.687  101.33
103.763 68.4116  118.69
88.4353 169.826 134.994
100.905 186.112 137.079
106.905 171.818 154.624
82.4674 97.0679  152.16
102.197  89.952 159.797
97.6415 55.9952 128.927
101.978 64.9167 142.958
85.6202 75.0513 125.374
84.5643 91.7203 111.533
99.2343 98.0569 113.186
88.0204  184.02   114.8
 113.96 162.896 104.366
104.026 180.336 105.843
114.561 76.6408 141.625
123.911 126.596   138.7
92.3493 114.054 161.495
85.6298 150.001 143.977
100.436 138.054  164.02
120.498 182.852 109.289
116.274  99.039 153.015
73.8506 107.762  110.24
78.9555 105.055 127.223
 75.746 119.689 127.537
102.978 83.6236 93.8995
   -nan    -nan    -nan
110.895 152.655 128.009
101.834  146.43 118.936
105.766 140.269  118.71
102.508 123.414  107.24
102.027 139.611 102.868
117.207 156.544 113.857
   -nan    -nan    -nan
143.048  154.75 128.663
152.131 147.753  119.13
147.497 142.008 119.718
152.624  124.98 108.186
150.986 139.993 103.522
135.975 157.072 114.497
149.581 200.778 109.591
164.586 69.2448 117.586
132.767 112.539 178.108
179.693 140.577 134.086
143.183 205.788 122.116
134.736 182.034 125.822
133.323   155.2 153.311
133.763 132.382 156.929
130.865 108.915 146.445
135.131 100.221 128.769
132.175 71.3663 138.602
173.404 157.518 123.241
170.377 175.742 109.432
 175.59 175.092 120.732
164.039 176.333 145.524
135.375 172.929 156.648
 162.56 142.501 117.342
159.978 156.069 114.955
167.403  71.958 135.997
 142.46 62.6864 149.562
159.352 99.7063   106.1
136.294 83.1561 121.157
 149.52 128.546 96.6306
153.394 178.604 103.589
172.289  90.954 155.405
179.973 120.338 149.661
145.561 88.6895 172.241
166.817 127.955 166.613
 161.51 139.574 166.725
 132.27 89.9767  157.57
131.833 183.004 100.131
132.635     155 110.658
173.876 133.815 125.137
182.724 134.387  117.61
 163.28 151.239  102.39
183.635 119.823 135.653
180.163  107.72 103.575
185.671 117.897 113.445
166.105 177.347 116.537
 173.66 169.442 121.502
165.153 123.054 136.468
144.935  58.161 122.221
164.942 150.854 87.0906
143.327 88.4348 129.804
159.187 129.847  160.46
139.202 110.772 161.519
155.217 167.118  113.28
164.856  136.43 113.939
160.124 155.566 127.702
167.832  122.66 99.3562
150.795 72.6411 119.958
165.612  171.34 136.398
156.957 186.035 138.009
148.178 173.701 153.294
 173.64 110.335 153.774
156.279 92.6201  160.11
 162.27 65.1472  133.88
152.589 70.5819 141.933
 168.16  83.927  124.89
169.876 97.9518 111.797
153.933 101.644  113.48
167.975  187.19 114.525
139.093 166.018 104.746
 149.59 182.093 106.327
141.949  80.552 143.918
131.926 128.889 138.961
159.617 115.785 163.951
168.943 155.664 143.421
 149.85 138.369 167.766
132.071 180.402 106.832
134.351 99.9581 151.678
179.188 107.978 111.936
173.981 107.393 129.629
175.396 128.681 126.064
 149.93 85.2992 95.4422