105.332 200.413 109.016
89.2603 69.3125 118.367
121.944 120.936 182.356
75.4056 137.367 134.875
112.315 206.876 117.539
120.682 182.773 126.358
120.709 159.423 151.854
 120.73 133.432 156.399
123.852 109.061 150.451
120.454 100.828 132.245
122.515 73.9419 144.742
81.5149 156.861 122.565
85.6462   174.9  107.42
79.9274 173.589 117.524
91.2459 176.217 145.316
 118.11 174.659 156.032
93.0759 140.635 118.145
94.1856 154.762 113.971
94.3628 64.1119 139.688
 117.95 63.6751 153.164
98.0556 92.3642 110.976
119.046  77.772 122.733
105.468 127.482 100.066
99.2966 178.784 102.892
86.7951 86.5104 157.031
77.3454 115.981 151.099
 110.16 93.7392 177.676
89.6651 130.196 169.388
91.5071 143.373 166.074
121.806 94.9779 162.314
121.378 179.458  101.77
117.688 154.607 111.092
84.3436 131.513 125.079
 72.943 135.833 115.827
89.2958  150.77 103.343
72.3917  115.71 137.364
80.7382 108.265 103.307
70.5958 108.994 114.627
93.0839 173.238  114.07
84.0148  168.57 120.515
91.0934 118.044 139.177
111.429 53.9343 125.765
92.7531 146.851 88.4837
113.907 83.1437 131.577
96.1146 132.502 163.213
115.331  113.66 164.851
99.6986 164.609  110.01
90.6471 134.594 115.439
94.8199 151.833 128.293
89.7815 119.507 101.912
103.653 72.2994 122.111
86.5637 169.134 133.183
 100.92 186.474 133.022
103.781 173.448 154.652
81.9694  105.81 154.003
99.9379 95.8777 162.565
99.8415 63.6138  135.65
107.336 70.0213 149.158
87.3023 79.0465 130.752
  88.56 96.2026 112.349
102.432 96.0854 117.473
88.6856 186.098 112.633
113.846 166.683 103.653
 103.12 181.683 105.056
111.932 85.9325 148.478
122.889 127.881 139.494
95.1788 118.279 165.966
87.9441 150.527 144.614
105.135 143.641 168.001
119.863 184.955 108.938
117.956  101.63 154.292
 76.081 109.075 108.678
80.4547 106.068 128.268
82.2044 123.723  126.11
105.761 84.4997 95.9757
   -nan    -nan    -nan
 112.27 154.185 127.991
103.137 146.871 119.937
107.545 140.948 119.575
 102.96 124.395 109.596
103.487 140.085 105.388
 117.27 158.568 113.591
   -nan    -nan    -nan
142.919 154.997 127.085
151.672 147.146 118.164
146.863 141.728 118.877
150.305 124.621 109.381
150.026 139.709   104.9
136.401 158.708 112.155
147.972 201.331 108.189
165.063  69.862 119.043
132.926 125.706 182.416
181.318 139.336 132.639
 143.55 206.802 120.596
133.851 183.357 124.916
 133.45 161.506  150.13
132.625 137.761 158.611
 129.65  112.41 153.156
131.863 100.846   132.9
131.255 77.1374 146.424
175.169 154.648 121.682
171.264 178.836 107.864
175.544 174.784 118.703
164.787 176.673 142.928
135.365 176.935 155.257
162.199 141.766 116.018
162.035  154.37 113.575
158.977 65.8604 142.108
139.021 68.8221 158.963
159.189 94.0778 107.361
135.306 81.7157 122.236
147.555 128.754 98.7703
153.572 179.906 102.277
170.017 91.6825  156.53
178.702 118.566 149.627
141.968 96.0565 178.598
165.413 128.413 168.066
163.204 143.636 164.401
132.132 96.2759 165.124
130.446 178.522 101.154
132.444 154.947 111.159
172.397 131.633 124.864
183.053 133.036 117.728
159.816 149.612 103.174
180.048 116.476 136.288
176.097 109.686 102.601
182.777 111.631 113.718
165.604 176.875 114.033
171.856 165.577 120.514
163.919 122.046 136.366
 142.96 56.2244 130.841
160.553 148.083 88.7654
138.602 87.9754 132.134
157.921 131.915 161.407
137.217 117.348 165.884
157.166 164.048 110.682
163.984  134.56 114.471
161.272 152.821  126.03
164.319 118.872 100.357
150.883 73.2657 120.994
167.305 169.841  135.52
153.772 186.903 134.249
148.715 172.823 154.375
170.514 108.197 161.691
152.821 94.5715 165.348
154.256 65.2835 135.402
148.143 71.7863 151.857
166.295 75.8837 133.406
166.696 97.8171 112.538
152.613 101.822 113.333
165.381 186.776   115.9
138.033 166.874 102.643
150.087 180.539 104.834
143.067 88.2294 149.204
130.613 136.359 139.195
158.856 119.222 162.519
168.138  151.25 141.093
150.718 147.067 168.823
130.673 176.301  107.05
134.811 104.509 156.966
177.607 107.666 109.597
171.814 105.173 129.481
174.617 126.695 123.504
  145.7 83.9003 95.8777