105.667 193.526 109.513
99.7262 71.2469 113.344
118.922 126.188 181.412
  76.68  141.01 134.984
111.557 200.712 116.204
119.918 181.348 128.653
119.654 164.588 151.258
121.209 140.257 159.319
123.909 111.693  150.21
120.297 102.552 130.218
124.454 74.8747 140.155
81.5394 157.459 128.147
85.4188 170.506 108.689
81.5141 171.441 120.052
93.2619 179.037 142.392
117.028 174.765 155.831
 93.949 141.234 120.728
95.7024 153.876  114.75
95.5096 70.3192 131.408
115.278 68.0086 146.118
94.9097 94.3565 110.474
120.847 81.9046 120.738
  100.3 123.354 106.017
100.705 173.421  104.03
86.4413  91.692 154.885
75.5261 119.541  148.34
106.436 95.6447 169.306
88.6031  131.12  168.16
90.5218 144.358 165.278
121.743 98.1262 161.425
 120.59 177.817 103.945
 111.89 150.986 113.778
 82.738 128.586 128.759
73.6688 134.234 117.757
91.3265 144.087 102.241
74.0144 110.735 140.282
76.7853 101.476 112.068
70.8156 111.928 119.177
90.7638 170.037 115.996
86.3452 164.024 125.393
89.4314 117.797 139.987
119.472 59.7769 121.124
83.9664 141.664 95.1809
113.326 84.9264 128.701
93.2668 134.294 160.987
115.977  118.83 163.007
99.1551 163.578 111.019
90.0588 131.604 119.874
  93.32  150.23 130.201
85.2616 114.975 106.241
109.771 75.7005 118.268
92.0526 172.957 132.294
99.7678 187.831 133.667
104.507  173.56 152.911
79.1556 105.472 152.372
98.4609 99.0995  157.09
104.069 67.8039 125.693
103.303 73.7855  138.18
88.6216 85.5068 126.466
88.6041 91.4578 115.625
102.668 98.8715 114.747
90.8482 180.951  115.21
113.341 163.823 105.684
103.221 175.956 106.988
112.775  86.508 142.665
122.851 117.108 137.444
90.8672 121.549 163.397
88.2701 155.077 145.238
101.267  148.03  167.73
120.152 179.538  110.81
 118.68 104.631 152.948
77.3694 103.299 114.654
81.7299 103.372 132.495
77.6267 122.687 128.806
104.034 91.1382 96.1071
   -nan    -nan    -nan
109.199 153.473 130.111
101.753 143.189 125.011
106.613 140.792 121.669
99.1541 125.497 110.684
 100.32 137.589 108.769
116.863 158.749 114.758
   -nan    -nan    -nan
145.157  156.42 128.609
152.195 145.874 124.617
148.346 142.317 121.109
154.296 125.272  111.78
156.053  138.78 110.404
 137.12 159.304 113.016
142.555 195.139 105.177
165.616  75.748 119.946
132.581 128.402 181.128
177.465 143.418 136.783
142.011 201.019 117.883
 134.63 181.884 124.929
133.128 166.482 148.777
132.021 142.487  159.53
129.811 116.335 150.859
134.528 104.793 131.528
134.345  80.514 141.815
172.848 159.432 126.772
169.653  173.61 109.495
 172.66 174.649 121.531
161.582  179.43 140.882
135.553 176.131 154.623
162.425 141.832 119.993
160.904 153.803 115.911
166.537 77.2439 139.429
145.596 73.6456 152.534
158.161 93.1828 113.391
139.339 86.4873 121.661
154.245 123.244 105.146
153.227 173.477 102.122
172.774 99.6857 155.959
 176.75 126.627 155.838
 146.11 100.857 175.008
164.653 136.212 168.991
 162.12 149.274  165.48
132.513 98.3862 161.933
 132.31 174.777 101.967
134.274 155.035 112.658
171.118 133.581 128.669
183.421 133.669 125.703
 163.27 145.359 106.299
179.888 124.353 141.761
178.414 104.897 112.374
183.458 113.396 120.315
165.632 168.326 117.283
168.894  168.05 124.931
163.053  128.08 140.469
145.621 64.2886  130.26
173.773 139.966 97.0307
144.349 91.2136 130.879
  158.1 139.003  162.89
136.867 121.365 163.782
157.335  163.31 110.526
166.696 134.173 119.021
161.385 154.685 128.636
167.197 112.256 107.038
153.311 78.1662 124.471
160.196 173.428 132.555
152.946  191.48 131.781
148.096 172.863 155.564
172.415 114.625 155.706
156.666 103.034 165.234
159.806 72.9483 132.377
156.104 80.7493 144.582
168.236 90.2577 130.656
169.224 95.6489 114.498
 154.81 100.405 116.813
164.489 180.721 115.298
141.549 162.366 104.946
151.116 174.754 103.545
144.426 90.3083  146.31
132.837 136.741 132.213
156.728 124.122 165.964
166.702  160.04 143.032
150.032 151.544 166.297
132.658 178.087 106.971
133.547 107.079  154.64
178.868 108.209 116.788
174.725 108.743 134.299
175.289 129.423 131.126
149.644 90.7496 97.4813