102.547 198.385 109.512
86.3318 66.8554 113.428
118.965 112.347  181.32
72.8577 137.843 133.655
108.976 204.646 118.081
119.831 180.689 128.161
119.779 153.434 154.147
119.987 130.398 157.066
 123.36 110.038 148.241
 119.19 98.0893 126.815
122.187 67.0049 136.588
82.4117  156.05 128.827
81.3612 165.409 115.688
76.9258 172.601 128.752
92.0167 176.476 148.578
117.495 170.588 159.657
89.9865 140.172 117.582
90.4605  153.43 116.145
90.6064 64.0186 135.239
 111.71 58.3978 147.414
89.5357 96.6399 104.148
 115.88 74.2199 115.074
100.386 132.112 93.9212
98.0205 177.104   102.5
84.1945 83.2305 150.484
70.6263 109.571 145.617
103.503 87.5441 169.737
84.2801 123.545 166.981
 86.715 138.609 163.378
121.328 90.7846 158.061
121.955  178.47 101.841
116.546  151.99 111.251
79.1796 127.792 127.377
68.5179 140.767  114.01
84.2519 154.099  103.29
71.1083 111.411 133.456
71.0944 112.036 99.3233
62.1121 120.066 108.746
87.3077 169.273 122.542
83.4164 165.941 130.722
87.5821  114.28   133.5
107.907  49.218 118.379
88.7221 154.399 85.9844
112.499  76.448 125.378
91.2632 125.431 159.689
113.853 109.307 160.322
96.2232 165.016 112.672
86.9473 135.834 114.534
93.9287 150.049  130.27
84.0311 125.623  99.678
 100.85 68.0944 112.307
88.9233 168.545 139.182
99.4103 187.123 135.401
106.836 164.668 160.912
75.4656   96.49 143.898
97.3302 91.1147 156.511
97.1077 64.0253 128.704
102.201 67.3455 145.919
82.2339 79.6499 124.537
79.8362 98.5553 107.084
99.1738 95.1863 110.748
83.2366 181.481 115.312
113.322 166.197 102.943
100.495 180.025 105.955
111.862 84.4799 140.495
121.504 126.963 139.279
85.5166 114.421 160.039
87.1364 150.471 147.735
101.416 136.986 169.437
119.199 183.841 109.978
116.686 99.6512 150.383
71.0703 113.173  107.06
74.0118 104.553 124.115
75.5109 124.428 123.007
104.993 84.8502 89.6434
   -nan    -nan    -nan
111.784 152.838 127.602
100.748 145.614 118.799
105.306  139.45 118.839
99.5579 124.448 107.589
100.276 139.888 103.558
116.181 157.279 113.694
   -nan    -nan    -nan
142.769 153.343  126.64
154.002  146.21 117.129
149.017 139.751 117.987
154.743 123.597 107.598
153.923 139.894 102.597
136.366 156.102 112.886
150.177 200.965 109.752
169.311 68.0344 111.995
134.346 107.118 179.606
 181.56  137.15 131.037
144.361 205.193 121.306
133.975 181.937 125.474
133.884  153.64 154.552
 133.59 131.045 157.058
129.886 109.287 146.254
134.744 97.8551 128.083
132.086 68.7886 138.038
175.879 155.599 128.394
172.824 175.576  110.45
174.986 169.327 121.511
165.619 172.732 148.235
136.702 168.246 160.059
165.733 141.824 116.122
164.454 154.555 115.348
169.168  67.856 134.536
144.896 59.0735 147.628
162.894 94.6022  102.93
 137.81 76.5815 116.329
152.969   135.9  92.331
156.566 179.391 104.576
175.551 90.6394 151.977
183.734 117.114 145.164
 149.03  83.006 170.064
170.177  122.01 165.793
168.266 134.909 162.956
132.177 88.6239 157.143
132.465 179.104 100.075
131.937 155.445 111.438
175.944 130.328 123.657
187.936 135.437 115.502
169.707 152.452  102.82
186.028 115.665 131.688
182.386 106.554 98.6466
190.345 117.477 108.955
165.541 171.599 118.179
168.385 162.923 126.654
167.068 119.708 132.881
144.505 50.1835 121.191
167.092 154.286 85.5519
141.495 82.5676  126.19
162.546 124.138  158.88
138.538 107.598 160.576
158.975 165.379 113.211
169.422 136.891 112.774
161.665 151.562 128.122
169.144 123.741 98.1399
153.124 69.8505 115.397
167.141 168.421 138.784
156.855 185.327 136.694
149.516 171.298 156.547
173.506 105.341  152.63
157.597 89.5557 159.481
 159.33 65.5439 130.147
155.867 68.4099 142.883
170.883 81.7557  125.51
173.576 94.1073 107.336
156.021 98.6817 110.095
168.694 182.084 119.109
 140.98 162.257 104.485
152.267 181.743 105.455
144.036 82.9951 142.549
131.446 134.155 137.991
163.065 112.407 160.453
167.158 151.059 147.524
152.542 131.891 168.978
133.725 179.103 106.595
134.964 98.6859 150.917
182.844 109.281 107.213
179.756 108.103 124.593
180.085 123.812   125.5
 147.53 82.8127 88.2757