101.626 196.742 110.375
83.3979 74.7191 109.275
121.056 113.2 183.242
71.6061 136.885 132.748
110.242 203.158 118.598
119.335 179.135 126.767
120.468 157.549 154.615
121.39 133.361 158.701
124.552 109.068 149.209
119.999 98.4198 125.709
123.66 72.5715 137.413
80.1677 155.252 131.173
81.125 167.11 112.356
77.0268 171.192 125.16
92.414 176.939 148.897
117.797 170.396 159.027
89.9889 138.291 114.431
90.2139 150.962 115.81
87.8756 70.4648 130.704
112.728 69.0056 148.571
91.3047 95.7621 102.834
117.547 81.3947 116.003
103.917 127.871 94.6904
97.4275 173.666 101.853
83.1562 87.9085 158.327
70.8371 113.772 149.902
104.171 94.2551 174.319
83.217 124.902 168.764
86.4852 139.153 164.767
121.961 93.2309 159.28
121.211 175.839 99.4064
114.995 148.771 110.05
81.3789 131.094 122.989
70.3508 139.324 110.785
89.1577 150.597 95.4771
71.2732 112.278 136.326
73.2645 110.706 95.6776
66.2276 108.814 110.394
84.5562 172.896 119.932
84.8911 161.093 129.065
86.1621 112.858 137.979
111.875 59.8013 116.066
95.1209 144.002 80.9854
110.171 85.0838 125.128
90.9261 127.527 161.257
119.853 113.016 164.022
96.1248 163.095 112.721
85.8477 134.27 111.37
91.7279 147.091 130.951
84.949 122.33 95.9024
102.067 73.6615 112.266
86.4095 170.278 139.499
99.7596 187.934 136.425
104.698 168.996 159.621
72.2327 100.424 153.371
97.3885 96.2338 161.067
96.8273 67.9419 122.536
99.0514 76.4806 141.753
84.7754 87.0595 124.418
81.5165 98.8613 105.135
98.9311 96.022 108.765
85.4236 183.02 116.844
113.327 160.414 103.101
102.166 176.746 104.327
112.643 86.9069 143.951
123.783 126.258 138.351
88.1095 116.12 163.094
83.6494 149.24 147.893
96.718 141.169 167.866
119.778 177.66 107.261
119.119 102.051 153.931
73.7465 109.331 105.017
72.9622 109.707 122.848
77.8859 123.295 123.104
104.011 83.9229 89.193
-nan -nan -nan
109.759 152.112 128.995
100.135 142.785 119.366
105.809 137.858 118.405
99.3449 122.682 105.372
101.878 136.536 101.742
116.57 155.294 112.985
-nan -nan -nan
142.718 153.174 129.211
153.863 145.772 119.355
148.993 139.942 119.199
155.7 123.168 107.162
152.189 138.37 102.558
136.445 155.746 113.581
148.135 199.063 109.101
165.066 74.1057 112.948
133.235 114.547 182.548
182.541 142.132 129.049
143.1 203.772 122.384
133.973 179.993 126.661
133.852 154.935 155.403
133.903 133.553 160.335
130.07 112.61 151.126
135.473 100.767 127.27
133.667 78.7539 141.306
173.893 159.037 128.175
172.021 171.042 113.858
176.064 174.488 125.608
164.411 176.848 146.574
136.692 170.556 160.345
165.741 140.598 115.652
162.991 153.29 114.368
168.549 74.797 133.805
148.239 73.2361 153.226
161.313 94.2995 103.646
137.924 86.7204 118.284
150.001 130.022 95.0766
155.287 176.271 102.16
177.962 96.94 155.551
185.827 120.947 148.137
149.802 95.9212 175.775
171.57 129.493 166.627
170.67 143.457 160.396
133.553 90.3216 163.052
131.144 173.132 98.8766
133.419 152.518 111.625
175.462 133.245 124.492
183.11 143.171 112.133
163.791 151.092 97.7879
186.215 119.761 135.981
182.255 110.641 98.4778
188.11 121.87 109.88
166.375 172.669 120.181
171.685 166.255 128.458
167.884 122.646 136.226
144.047 63.4448 125.429
158.948 150.226 83.6022
144.245 90.7712 127.268
163.315 130.079 160.666
137.531 113.418 162.523
157.289 163.773 112.46
168.028 136.3 111.244
161.665 151.916 129.364
169.16 121.46 95.0904
152.853 78.1728 118.232
166.585 172.745 138.569
154.482 189.332 136.593
150.253 166.606 159.016
180.754 110.544 153.39
160.254 100.99 162.252
163.236 73.782 129.22
157.366 81.0251 143.898
172.113 89.7193 121.141
175.547 94.1403 105.255
156.941 104.162 107.718
168.506 184.212 117.463
140.763 159.382 104.187
150.832 179.133 104.938
145.247 91.3454 146.27
132.009 126.338 139.505
165.762 119.694 164.837
173.37 155.299 143.228
155.452 142.276 166.264
131.786 179.803 104.718
133.412 102.377 156.494
181.188 115.904 106.939
177.406 109.96 128.864
177.908 128.444 124.551
151.008 84.356 90.4569
