102.259 199.675 112.894
87.9038 69.6828 110.823
117.213 110.914 180.523
73.5345  131.24 137.709
112.199 206.689 119.149
120.116 180.091 127.406
120.622  154.14 151.134
120.574 131.028 158.845
123.999  106.27  150.09
119.394 98.6432 128.606
122.184 71.9363 136.563
77.4832 153.184 127.758
83.5059 170.437 110.296
78.0137 171.407 125.114
93.5726 176.563 151.563
118.297 166.192 160.726
90.8796  135.96 119.173
91.7823 151.528 115.727
89.2497 64.4872 132.057
 112.17 61.1387  144.07
94.8802  94.796   104.3
118.192 75.3717 116.614
102.364 126.257 95.5405
97.6787 176.849 104.624
84.6348 80.2567 154.786
72.7241 107.527 148.645
108.542 86.3078 171.303
81.2493 119.983 166.903
85.8403 135.705 167.099
122.695 89.3871 156.585
122.475 175.793 100.994
117.387  148.44 111.015
79.0712 124.225 128.719
71.5567  138.97  114.32
88.4556 149.086 103.668
69.3728 110.447  134.22
76.0678 108.989 99.5014
67.5283 110.609  111.36
90.2077 170.945 117.284
 82.288 168.244  129.31
86.1624 111.533 137.266
111.236 54.1751 116.888
90.3508 150.241 87.9118
110.058    79.9 126.402
89.7106 124.365 160.769
114.673 109.625 162.762
 98.351 162.038 113.104
87.7182 130.473 116.174
92.2918 148.477 130.109
87.4784 120.284 100.303
101.942 69.8756 114.594
87.1338 169.469 140.288
 98.998 186.537 137.364
 105.23 165.103 159.906
75.6235 94.5824 147.379
98.9152 87.9817 161.686
92.7881 63.6524 128.896
 100.97 70.8816  140.12
83.6672 81.5105 122.184
 86.212 99.2672 107.139
102.913 92.7913 112.493
86.0878 181.878 118.612
114.627 164.287 103.772
101.958 178.707  106.53
111.225 82.7672 140.243
122.376 128.975 139.109
87.2004 108.785 162.972
 84.491 147.078 148.034
99.4094 134.544 171.043
119.199 180.454 109.044
118.452 97.8004 153.115
75.4143 111.112 106.926
75.5688 104.771 125.812
78.6599 118.977 124.317
 106.43 80.4027  89.868
   -nan    -nan    -nan
110.671 149.222 130.713
100.555 141.685 119.548
105.986 137.199 119.391
101.003 122.475 108.318
103.794 136.685 104.188
118.607 152.783 114.914
   -nan    -nan    -nan
142.417 150.673 130.186
153.625 143.678 120.118
148.749 138.326 119.699
154.051 123.674 107.957
150.641 139.101 103.406
136.632 155.194 116.142
147.783 201.375 109.395
170.146 72.6107 112.185
134.179 112.962 181.448
181.429 135.178 139.169
141.924 205.073 120.604
133.182 179.155 126.223
133.845 151.511 151.947
133.588  130.03 160.203
131.122 107.552 149.122
137.886 99.1706 128.886
134.633 69.5162 137.569
178.196 154.315 128.551
170.602 182.084 112.028
175.399     171 118.164
163.291 177.068 147.268
136.486 169.165 159.056
164.594   137.8 119.181
161.254 150.888 114.723
167.028 69.8088 135.068
146.688  62.596 145.221
159.493 93.5094 104.608
136.777 82.6755 117.707
149.145 126.774 96.2443
153.924 178.181 103.212
173.603 90.3016 157.646
182.833  115.85 148.975
144.538 87.3452  172.21
169.193 120.514 169.209
167.322 135.315 169.553
 133.15 88.3329  156.75
130.827 175.541 100.753
133.087 153.191 113.561
174.642 127.074 128.501
183.944 135.837 119.215
163.734 149.682 103.797
186.883 114.063 136.968
 176.69 117.041 95.9767
186.977 115.272 112.632
164.694 176.725 115.414
171.141 163.896 123.673
166.644 117.279 136.979
143.678 57.9556 115.614
160.744 149.873 87.0141
144.131 87.9015  125.71
162.811 124.813 163.275
135.837 109.833 164.398
157.565 162.136 111.504
166.952 132.055 114.997
162.219 152.334 128.533
165.223 118.467 97.9579
152.355 73.7026 113.489
169.181 167.936 138.504
157.095 183.779 140.151
149.358 162.815 158.787
 179.06 103.783 153.473
 156.68 92.7441 163.976
161.841 65.7378 127.253
155.814 71.0939  147.84
175.095 84.9088 129.623
174.194 92.5446 105.772
153.684 97.4084  111.63
 166.32 186.274 121.326
138.953 166.855 104.783
150.607 179.071 105.229
145.049 83.9141 138.828
133.135 129.335  139.82
163.178 111.743  163.98
169.616 146.586 149.992
154.225 133.065 172.312
130.708 181.883 106.532
 134.16 98.0374 153.053
178.914 114.477 106.417
176.172 105.822 129.695
178.756   122.5 127.237
148.347 81.6858 88.2219