103.043 197.638 114.977
91.8086   70.09 109.533
119.548 111.366 180.085
 71.261 133.332 138.801
112.775 203.081 120.754
 119.44 179.073 128.082
119.841 154.721 152.808
119.944 126.806 153.789
122.274 104.811 144.998
117.045 98.8147 125.777
119.945  65.916 137.502
 77.107 152.515 131.618
79.5505 175.082 112.468
76.4943 170.471 125.028
93.0251 175.401 152.439
119.366 168.283 159.027
87.3693 136.183 121.902
90.5106 152.419 118.334
83.3951 66.4436  122.45
107.961 56.5458 138.407
93.6426 96.9538  104.61
117.418 79.5613  118.05
102.712 130.205 98.1134
98.1727 174.732 105.716
78.3089 83.3272 149.376
75.3393 110.087 154.825
107.423 81.0707 167.837
87.5477 118.767 172.865
89.6665  135.91 168.565
121.053 86.0499 151.437
121.293 173.877 103.499
115.059 148.918 113.696
77.4212 125.951 132.251
 70.192 139.973 116.817
85.9836 152.159 104.586
74.1424 110.755 141.515
74.2424 115.697 96.1835
63.2316 125.761  109.02
85.4486 174.984 117.337
83.1853  160.93 127.245
88.7251 111.117 140.779
117.253 52.8955 112.971
91.9654 149.567  85.505
107.293 82.5957 125.025
92.3615 124.926 162.932
115.243 105.976 160.072
97.3473 163.019 114.853
84.6083 132.997 118.043
92.5025  148.15  132.44
88.1575 125.111 93.1763
    108 70.3573 113.532
86.5363 168.688 141.046
99.2285 186.028 136.281
106.562 162.505 162.199
74.7684 97.7342 150.871
96.4831   84.96 156.004
91.7806 63.7741 119.927
96.1505 65.4962  132.82
76.3787 89.0868 117.999
79.6733 101.886 105.305
99.2917 97.6787 110.995
80.3778 187.129 117.925
111.781 159.509 107.275
101.189 179.006 108.347
108.729 77.4003 138.612
121.409 131.546 138.049
94.7129 109.706 163.395
86.3284 147.855 151.461
103.483 133.905 169.734
118.982 180.944 111.433
119.117 96.5949 147.298
71.5973 117.277 101.513
73.8288 112.362 123.535
72.8747 121.166 127.829
103.228 79.8971   89.87
   -nan    -nan    -nan
111.836 151.137 131.436
100.472 142.505 122.848
106.207 137.742 121.623
 98.825 122.093  109.87
101.607 136.549 106.232
116.247 154.884 117.785
   -nan    -nan    -nan
141.682 154.511 129.382
154.145 145.852  120.46
148.902 140.359 120.949
154.526 124.537 109.093
152.643 139.167 105.021
136.382 156.016 116.051
145.806 200.265 107.538
158.248 76.9813 111.521
132.138  118.64 180.455
179.755 135.597 137.671
142.168 204.987 119.137
134.384 177.607 124.876
132.797 152.836 155.019
133.785 132.583 157.394
131.187 111.508 148.149
136.169 100.259  130.98
133.977 71.6672 146.131
177.107 155.187 133.901
177.107 178.927 113.874
180.074 170.213 124.268
163.226 181.238 145.092
136.772 174.327 155.998
  166.5 141.859 119.891
 164.91  156.05 117.291
166.936 68.1569 125.143
147.731 62.2727 147.459
156.393  101.07 104.223
135.288 88.4647 124.014
149.336 134.023 94.9166
156.745 179.506 104.574
180.768 94.9551 150.091
180.148 121.285 156.815
148.899 89.1619 175.103
166.447 126.476 171.806
 167.36 141.222 165.942
133.673 92.1663 161.687
131.007 174.854 100.981
132.395 152.253 114.499
179.372  132.61  129.26
186.713 141.118 116.197
163.559 152.092 102.341
186.213 123.826 139.746
177.167 123.653 91.7314
189.181 123.569 107.833
169.084 172.447 120.518
176.216 161.323 132.351
166.784 121.792 139.677
141.423 60.7866 119.739
161.765 156.539 85.0193
143.972 91.4545 130.597
159.987 129.453 162.529
 137.92 113.273 161.863
  158.9 164.778 113.903
169.844 137.662 116.433
 162.37 151.418 131.513
  164.7 132.054 90.9767
143.725 80.1932 119.759
166.256 171.145 138.258
 156.33 189.547 136.439
148.605 167.394  157.17
177.895  111.67 159.835
160.264  92.195 159.376
160.079 65.9981 121.784
159.206 69.1451 139.382
176.738 84.4405 113.145
170.257 100.553 105.587
154.669 106.655 111.294
169.515 186.289 119.742
139.693 162.244 104.779
151.536 179.064 106.268
147.166 86.2414 145.121
131.518 134.572 138.277
157.746 114.088  168.51
168.428 152.901 148.531
157.291 142.315 168.402
 130.88 177.358 106.958
135.737 102.682 153.162
 181.67 118.052 102.834
 179.08 111.074 125.829
182.142 128.521 128.344
149.986 81.0817 90.4475