105.42 193.942 114.444
99.3656 66.272 114.903
120.067 121.542 182.007
69.0587 136.859 143.751
111.201 199.767 123.585
119.11 175.772 128.099
121.829 156.844 154.143
121.52 133.863 160.331
124.253 108.587 148.646
118.625 99.1751 126.381
124.136 78.9594 134.549
78.1774 152.668 132.971
79.683 167.383 113.832
80.7751 175.065 132.327
96.9022 172.592 150.8
119.7 169.557 159.3
88.9707 137.904 120.774
88.7116 151.428 117.242
91.8819 71.2712 134.714
117.387 71.8835 147.956
93.6864 93.7508 106.275
116.308 79.3989 116.641
101.282 123.906 99.2867
96.5069 174.066 106.646
86.1077 88.8821 154.151
70.9251 113.959 149.929
108.715 96.0413 170.938
84.6541 126.981 169.815
91.1148 140.163 170.442
122.645 97.6593 158.054
120.165 173.232 103.427
113.799 146.462 111.382
75.378 129.629 129.562
71.0488 141.564 110.141
89.8605 147.929 101.056
66.9042 113.425 137.632
72.4741 107.372 102.764
66.297 114.755 112.96
87.3535 168.621 122.848
83.6742 164.782 133.901
85.1822 115.76 139.806
112.354 59.9253 131.26
94.2684 141.663 86.5255
111.401 85.4855 125.73
93.935 130.39 163.006
117.175 117.374 163.555
95.6672 160.957 113.989
84.0437 135.212 114.842
91.3896 148.634 132.776
83.2663 116.861 101.521
107.549 70.3676 118.851
91.4877 165.978 142.765
103.653 180.602 141.944
106.341 166.981 160.919
75.1392 98.0549 151.073
98.7244 100.197 157.925
97.5998 70.9392 130.402
104.772 78.1976 142.514
81.8767 80.6833 120.697
83.1041 93.8083 109.492
97.4039 99.9721 112.309
85.7257 179.376 119.716
111.436 159.625 104.804
99.7702 175.011 109.048
112.82 88.5201 141.687
121.647 117.533 137.683
87.7643 114.727 164.664
89.6818 148.864 151.352
103.841 141.621 176.692
116.845 176.032 112.305
119.729 103.49 152.403
73.2423 107.775 110.121
77.564 108.061 125.257
75.5909 121.606 132.5
103.645 83.5541 94.7565
-nan -nan -nan
109.054 149.511 130.516
99.0329 141.993 122.056
103.827 137.068 121.045
98.958 121.656 109.804
101.052 135.171 104.962
114.78 152.64 114.637
-nan -nan -nan
142.05 151.004 128.493
152.81 142.991 121.84
148.328 138.023 121.176
155.428 121.502 111.938
152.945 136.987 105.976
136.01 152.532 114.799
148.239 194.453 112.288
172.106 74.0649 120.357
133.269 125.727 181.585
182.95 136.58 135.34
143.252 199.172 122.384
133.485 177.765 123.125
133.564 157.028 152.393
133.188 136.996 159.044
131.256 111.931 151.486
136.167 98.5157 128.116
133.625 77.2557 136.634
174.837 153.623 131.775
174.302 170.037 111.938
176.647 169.754 125.993
160.848 171.776 147.032
136.477 172.488 155.66
165.31 139.474 119.733
164.314 153.153 116.613
160.97 72.5731 141.354
142.153 71.3001 150.209
164.755 96.6493 106.483
140.733 82.3617 116.087
151.197 130.328 99.8382
155.309 174.549 106.094
174.861 94.5695 153.639
183.281 118.82 152.552
147.656 101.166 175.033
168.455 129.179 166.232
165.67 141.378 165.181
134.139 95.0949 162.013
130.683 172.869 103.073
132.108 150.876 112.785
177.775 128.424 128.723
187.886 134.121 116.153
166.348 146.196 104.997
188.122 118.931 136.556
181.304 107.528 102.821
189.194 115.625 113.33
167.712 168.165 121.585
170.57 160.783 127.961
167.01 120.326 138.059
146.568 61.0458 120.591
164.583 147.587 89.3044
144.548 88.8449 125.969
160.511 131.579 160.517
137.118 120.596 162.505
159.092 163.485 114.538
167.284 133.344 116.468
161.128 150.263 129.15
169.284 120.033 101.737
156.66 75.2266 116.202
161.837 165.205 139.076
154.239 180.913 138.243
146.535 165.227 158.125
179.285 108.244 152.797
156.359 102.988 161.645
156.614 69.9868 130.489
149.906 77.062 145.311
169.766 83.8629 127.836
172.995 90.3773 113.779
158.009 100.462 111.386
168.375 177.965 118.177
138.893 161.169 106.427
150.943 174.158 107.641
142.548 88.8163 144.335
132.156 129.705 139.578
163.052 121.204 161.578
167.229 148.354 146.764
151.934 142.13 167.245
132.565 180.781 110.424
135.046 104.457 153.959
182.687 107.346 111.651
175.542 106.135 129.639
182.184 122.627 129.931
149.206 83.2425 94.2746
