104.958 203.55 109.562
93.886 62.3814 107.1
121.692 108.91 176.141
75.9016 136.484 133.106
113.372 209.617 118.253
121.24 184.028 125.546
120.43 159.495 150.25
120.327 129.397 155.727
124.189 107.418 151.764
120.865 98.6335 128.283
121.065 61.5667 141.025
80.8507 158.373 125.306
84.7584 177.207 109.478
81.6465 177.081 121.556
93.7678 176.436 148.914
118.921 168.13 159.21
92.827 140.385 113.503
92.825 155.642 111.244
90.5321 58.6947 127.608
109.25 52.925 142.876
92.3401 84.2849 104.61
119.866 73.3537 117.933
101.295 124.555 93.0677
100.441 180.309 101.743
83.1743 81.9093 154.132
73.6336 111.263 145.045
105.837 83.6248 172.218
85.9172 123.182 166.24
86.7163 140.847 161.821
121.346 86.0453 160.071
122.436 181.881 99.8695
117.055 151.307 106.34
83.2646 128.831 122.271
74.3498 136.038 111.875
93.1364 152.369 95.8643
69.9697 105.889 134.949
78.0358 109.095 97.0721
70.7421 110.468 110.19
89.9485 176.915 115.996
85.6145 168.764 126.469
88.532 112.535 134.966
114.056 48.8419 110.725
94.6897 149.165 81.7966
113.535 77.8867 125.202
92.6086 127.205 158.697
113.025 104.372 162.228
98.7593 164.722 109.582
89.9963 134.013 110.623
94.401 150.962 126.982
87.4689 114.847 99.9913
109.683 68.1472 110.198
90.7099 175.379 134.949
104.249 191.856 134.168
104.481 166.647 158.689
73.6872 95.0576 144.481
96.2677 88.6597 159.32
96.002 59.5358 121.891
100.162 62.3818 137.787
82.9547 75.937 123.492
82.4158 86.5818 107.665
102.369 95.0135 107.916
89.1923 190.958 116.938
115.293 166.932 100.999
103.823 182.094 104.639
110.848 80.2961 141.51
124.015 127.209 137.87
90.1563 109.309 161.152
90.9213 152.133 144.172
100.42 137.196 165.249
119.733 182.108 108.908
120.111 95.6782 153.635
77.5435 101.294 108.683
79.6436 102.451 125.126
78.2395 120.931 122.432
104.569 85.3767 89.101
-nan -nan -nan
112.21 153.324 126.923
103.806 146.277 117.065
107.457 139.526 116.057
101.575 123.775 103.749
103.419 139.018 99.6719
119.075 155.877 110.782
-nan -nan -nan
142.923 153.492 127.536
151.725 148.154 117.519
147.639 140.858 116.638
151.457 123.479 105.196
149.805 140.85 99.3812
136.436 157.267 111.655
149.455 203.082 110.44
164.3 69.699 107.899
130.186 112.405 174.806
178.233 139.044 133.517
142.296 208.709 124.914
134.683 183.355 126.019
134.629 156.728 151.127
133.355 132.042 158.936
129.573 107.848 148.957
133.606 99.9872 128.473
131.469 67.7601 141.462
175.778 156.937 127.663
170.533 173.36 110.656
174.445 176.228 124.208
161.582 178.199 148.29
136.495 170.241 160.012
163.055 142.808 114.3
162.161 156.605 112.187
163.943 63.3833 129.444
144.617 59.9543 151.349
156.094 91.5106 102.298
133.788 77.9386 118.681
146.336 130.525 92.2706
153.492 182.216 101.415
174.677 87.7385 150.307
180.717 114.69 147.039
146.084 88.7861 175.894
168.394 122.178 166.469
166.703 138.27 166.043
132.344 84.0137 158.533
130.438 180.023 98.6082
132.631 155.008 108.89
171.145 133.238 119.192
181.193 138.808 111.404
160.673 155.129 95.5279
182.892 118.348 132.42
173.78 114.196 94.3083
182.25 114.87 106.09
165.32 174.821 119.493
170.465 165.936 129.589
166.169 119.229 133.477
141.768 52.4319 117.239
155.623 151.793 80.6906
141.257 82.1828 126.451
161.035 125.377 161.011
138.958 107.184 159.868
157.187 167.2 109.733
165.264 137.66 109.087
161.619 154.106 127.522
163.067 124.588 93.5903
143.728 70.7646 111.34
163.844 169.942 140.159
155.622 185.229 138.148
149.248 164.804 160.217
175.875 100.934 147.885
159.963 92.6009 163.836
156.942 63.6262 122.559
153.702 66.5524 142.192
171.112 78.722 120.282
165.466 94.7012 106.649
149.983 97.1623 107.861
166.808 185.199 115.92
139.286 166.6 101.224
149.731 182.145 104.707
144.5 80.9939 143.66
132.115 136.29 138.435
161.086 111.291 161.342
163.707 150.573 148.443
153.347 134.001 171.959
132.433 184.291 104.757
132.838 95.5552 155.693
176.645 111.262 101.488
173.653 102.54 125.018
175.17 127.602 121.034
147.875 86.2381 89.104
