104.742 203.481 109.656
93.7266  62.506 107.171
121.689 108.837 176.098
75.7365 137.138 133.057
 113.56 209.604 117.996
121.162 184.271 125.402
120.446 159.584 150.134
120.312 129.433 155.737
124.137 107.242  151.82
120.638 99.3104  128.04
120.909  61.532 141.055
 80.743 158.615  125.28
84.7303 178.243 109.737
81.6496 177.032 121.541
93.8099 176.741 148.744
 118.87 168.156 159.285
92.8303 139.844 114.222
92.8483 155.716 111.295
 90.345 58.9283 127.438
109.023 53.0482 143.093
92.2799  84.399 104.538
 119.84 73.6411 117.942
101.448 124.418 93.1991
100.457 180.151 101.726
83.1729 81.8679 154.072
73.5758 111.282 144.932
105.797 83.8414 172.302
86.0979 123.146 166.403
87.0979 140.492   162.4
121.377 86.0328 159.786
 122.45  181.62 99.7369
116.998 151.218 106.305
83.4428 128.486 122.377
74.2278 135.881 112.025
  92.78 152.542 95.9918
70.1998 106.831 134.336
78.0075 108.571 97.2746
70.6254 110.434 109.997
90.0919 176.919 116.059
85.7852 168.726 126.596
88.6017 112.813 135.087
114.052 48.9454 110.611
94.6517 149.094 81.8572
113.536 77.6679  125.33
92.4121 127.375 158.452
113.162 104.432 162.269
98.7402 164.273 109.029
89.9604  133.98 110.565
94.3659 151.182 126.871
87.4973 115.198 99.9924
109.415 68.3223 110.052
90.7217 175.198 135.187
 104.58 192.247 133.661
104.438 166.951 158.455
73.8783 95.3652 144.617
95.8693 88.8912 159.534
95.8358 59.4484 121.766
100.222  62.123 137.656
83.1373  76.082 124.004
82.6335 86.4865 107.983
102.261 94.9874 107.844
89.6555 190.647 117.345
115.352 167.146 100.983
103.847  182.28 104.696
110.801 80.3747 141.552
124.126 130.521 137.587
90.3078 109.457 161.077
90.6681 152.045 144.674
100.789 136.772 165.252
119.797 182.535 109.013
  120.1 95.4245 154.009
77.6091 101.015 108.788
79.5365 102.965 124.899
79.1266  121.28 122.142
104.569 85.3767  89.101
   -nan    -nan    -nan
 112.21 153.324 126.923
103.806 146.277 117.065
107.457 139.526 116.057
101.575 123.775 103.749
103.419 139.018 99.6719
119.075 155.877 110.782
   -nan    -nan    -nan
142.923 153.492 127.536
151.725 148.154 117.519
147.639 140.858 116.638
151.457 123.479 105.196
149.805  140.85 99.3812
136.436 157.267 111.655
149.455 203.082  110.44
  164.3  69.699 107.899
130.186 112.405 174.806
178.233 139.044 133.517
142.296 208.709 124.914
134.683 183.355 126.019
134.629 156.728 151.127
133.355 132.042 158.936
129.573 107.848 148.957
133.606 99.9872 128.473
131.469 67.7601 141.462
175.778 156.937 127.663
170.533  173.36 110.656
174.445 176.228 124.208
161.582 178.199  148.29
136.495 170.241 160.012
163.055 142.808   114.3
162.161 156.605 112.187
163.943 63.3833 129.444
144.617 59.9543 151.349
156.094 91.5106 102.298
133.788 77.9386 118.681
146.336 130.525 92.2706
153.492 182.216 101.415
174.677 87.7385 150.307
180.717  114.69 147.039
146.084 88.7861 175.894
168.394 122.178 166.469
166.703  138.27 166.043
132.344 84.0137 158.533
130.438 180.023 98.6082
132.631 155.008  108.89
171.145 133.238 119.192
181.193 138.808 111.404
160.673 155.129 95.5279
182.892 118.348  132.42
 173.78 114.196 94.3083
 182.25  114.87  106.09
 165.32 174.821 119.493
170.465 165.936 129.589
166.169 119.229 133.477
141.768 52.4319 117.239
155.623 151.793 80.6906
141.257 82.1828 126.451
161.035 125.377 161.011
138.958 107.184 159.868
157.187   167.2 109.733
165.264  137.66 109.087
161.619 154.106 127.522
163.067 124.588 93.5903
143.728 70.7646  111.34
163.844 169.942 140.159
155.622 185.229 138.148
149.248 164.804 160.217
175.875 100.934 147.885
159.963 92.6009 163.836
156.942 63.6262 122.559
153.702 66.5524 142.192
171.112  78.722 120.282
165.466 94.7012 106.649
149.983 97.1623 107.861
166.808 185.199  115.92
139.286   166.6 101.224
149.731 182.145 104.707
  144.5 80.9939  143.66
132.115  136.29 138.435
161.086 111.291 161.342
163.707 150.573 148.443
153.347 134.001 171.959
132.433 184.291 104.757
132.838 95.5552 155.693
176.645 111.262 101.488
173.653  102.54 125.018
 175.17 127.602 121.034
147.875 86.2381  89.104