102.983 199.962 112.467
86.7439 68.9223 110.153
117.222 110.211 179.569
73.4134 131.598 136.749
111.623 206.682 119.319
120.395 179.207 127.42
120.758 152.002 150.773
120.877 130.328 157.865
124.127 106.462 149.476
119.427 98.645 127.433
122.057 70.5418 133.552
77.3109 153.758 127.291
83.1248 170.903 109.614
77.3212 171.721 125.389
93.217 176.112 151.892
118.208 165.757 160.038
90.5177 135.839 118.582
91.712 151.461 115.254
89.3794 64.649 131.529
113.523 59.8076 141.276
94.3657 94.416 103.391
115.418 76.6824 116.017
104.536 124.909 96.1654
97.2921 178.141 104.577
84.8398 79.6726 154.335
72.178 107.81 147.862
108.237 85.3341 170.11
80.3908 119.66 166.119
85.3672 135.433 166.981
122.67 89.1152 156.016
122.44 177.023 100.842
118.802 149.185 110.07
79.6344 123.801 128.119
71.8944 139.212 113.828
91.7825 148.578 101.913
69.179 109.02 134.306
76.3531 107.983 99.34
67.6736 112.625 109.86
89.3247 170.645 116.437
80.5116 168.39 128.951
86.2249 111.245 136.423
111.864 54.236 113.82
89.9889 150.915 87.5455
108.144 81.5874 125.187
90.0195 123.707 160.349
114.774 109.543 161.525
97.8072 160.57 111.269
88.4353 131.672 114.688
92.1293 149.334 129.024
88.0927 120.223 98.684
97.4922 74.5814 109.936
87.6916 167.824 140.981
98.6183 185.959 138.227
104.692 163.167 159.687
74.1158 94.4184 145.489
98.0265 88.1207 160.268
92.6487 63.9344 127.687
101.296 70.6178 139.285
82.7879 81.2539 122.991
86.6366 96.782 107.758
102.666 96.6486 110.611
85.7391 182.618 118.76
114.828 164.786 103.281
101.628 178.486 105.964
111.364 81.9742 139.107
122.201 124.779 137.966
87.5797 108.078 162.378
84.3946 147.016 147.662
99.5112 133.767 170.654
118.489 180.784 109.023
118.606 97.5617 152.479
76.826 106.669 109.41
75.4664 105.621 124.971
79.1599 118.375 123.955
106.633 80.7998 89.0786
-nan -nan -nan
110.869 149.409 129.999
100.605 140.906 119.228
105.977 137.226 118.716
100.638 122.377 107.728
103.565 136.986 103.254
118.497 152.58 114.656
-nan -nan -nan
142.43 150.078 129.761
153.566 143.219 119.492
148.195 138.633 119.041
153.692 123.067 107.75
150.453 139.011 102.726
136.055 154.624 115.503
146.846 200.872 107.982
171.472 74.6398 110.395
134.479 111.561 180.418
181.691 134.911 137.878
142.376 205.002 119.854
133.096 180.002 125.5
133.749 152.221 150.406
133.763 129.414 159.402
131.138 107.107 148.07
136.771 98.947 128.386
135.747 72.106 134.921
178.887 154.648 128.205
169.779 180.857 112.205
175.162 170.888 116.842
163.469 177.233 146.835
136.651 168.664 158.441
164.886 138.005 118.246
160.894 151.517 113.394
167.208 70.0411 133.893
146.175 62.4078 143.849
159.828 94.1271 103.049
136.422 81.6723 116.75
148.192 126.618 95.6545
153.981 177.717 102.33
174.389 90.4633 156.918
183.53 115.679 148.046
144.623 86.2424 171.567
170.828 120.81 167.451
166.077 132.978 171.246
133.329 89.0487 156.915
130.485 176.638 99.8508
132.28 153.564 112.522
174.36 126.787 128.014
184.125 136.057 118.337
163.471 149.381 103.675
186.858 114.106 135.559
176.235 118.148 94.344
187.264 115.559 111.824
164.528 176.467 114.961
171.845 163.762 122.938
167.439 116.658 136.237
144.254 58.1289 114.184
160.43 151.48 86.6943
144.781 89.0793 125.344
163.146 124.559 162.354
136.213 110.313 162.76
157.328 161.868 111.141
166.523 131.785 115
162.691 151.355 127.789
165.361 118.161 96.966
152.396 73.6702 112.177
169.195 168.034 137.692
157.232 183.976 139.104
149.649 164.56 156.73
180.866 103.647 151.272
157.377 93.6165 163.189
161.207 64.6787 125.598
155.648 71.1999 146.89
175.972 84.2566 128.621
173.724 94.7679 104.36
153.5 97.7661 110.331
165.982 189.393 117.901
138.578 167.499 103.811
150.508 179.241 104.694
144.465 82.4716 138.419
132.47 135.726 137.179
164.145 111.576 162.831
170.424 146.848 147.202
154.229 133.124 170.873
130.683 180.71 106.447
134.634 98.5709 151.513
180.287 112.62 106.167
176.057 104.689 129.119
178.944 122.831 126.594
147.967 82.4919 87.1207
