103.301 204.05 115.831
91.2053 63.3247 109.729
118.694 107.811 177.503
73.7547 126.31 136.376
113.608 207.162 123.227
119.189 181.247 126.606
118.816 155.652 152.025
119.607 129.821 157.518
123.565 104.631 148.407
119.092 98.5691 127.325
119.77 63.0504 138.591
79.111 148.873 129.396
85.3139 172.549 112.083
77.7502 168.519 121.369
91.7975 174.576 150.072
117.307 166.291 159.37
91.625 136.631 118.17
93.4437 152.285 115.665
85.9332 58.1749 128.118
107.169 53.488 143.195
91.1693 82.9489 106.787
117.223 71.0258 117.22
104.293 124.683 100.756
99.8287 178.588 104.499
82.1866 78.1072 155.03
73.0065 105.21 154.81
104.715 83.741 170.301
84.6837 120.919 169.141
86.7751 134.481 164.503
119.825 85.7497 156.96
123.119 180.418 103.403
114.977 150.392 111.822
79.2877 119.806 128.392
73.5453 137.77 115.121
87.0791 146.631 103.144
73.3548 105.956 140.178
74.114 105.814 104.54
67.2959 114.069 113.406
86.5361 172.972 118.644
82.8571 158.335 131.182
87.664 108.262 140.221
108.628 47.5151 116.116
90.4705 145.974 86.6991
111.197 76.5698 126.57
90.797 123.236 160.821
112.522 106.8 162.143
98.6959 164.288 113.052
88.0531 129.294 114.94
92.4535 147.673 131.231
84.4924 118.361 101.796
105.811 62.3356 113.784
84.362 173.746 135.375
100.499 191.256 133.162
103.466 163.718 157.876
74.476 91.2915 150.089
96.431 86.1278 157.151
94.1133 58.141 124.727
95.7277 60.9527 139.131
80.648 74.0333 125.662
81.0575 84.5832 110.759
99.7008 91.4854 110.668
88.6364 186.831 117.348
114.562 168.006 105.362
103.02 183.961 107.978
107.723 78.1232 141.244
122.217 115.189 136.402
87.4399 109.578 165.196
82.6296 149.24 147.923
99.662 135.604 167.372
120.624 180.882 110.635
117.001 95.5137 150.281
73.8559 101.323 113.741
72.2162 100.778 129.854
78.487 113.362 123.672
107.046 83.2115 93.831
-nan -nan -nan
108.772 151.038 131.19
101.118 141.686 123.179
105.316 138.758 120.668
100.196 121.625 108.469
100.709 138.25 105.798
117.767 158.067 115.485
-nan -nan -nan
148.427 153.321 132.522
155.071 148.003 121.389
151.054 143.78 119.174
155.88 126.056 105.04
155.555 144.299 101.471
137.247 160.442 114.457
145.197 208.176 113.981
162.866 66.54 114.388
133.94 116.081 178.287
183.496 137.399 130.922
142.797 207.971 127.978
134.147 183.957 126.578
134.491 160.201 154.083
134.462 136.73 157.969
130.007 111.128 149.376
134.841 102.718 127.183
130.26 69.9529 138.52
177.825 158.793 128.529
171.675 182.245 109.446
177.101 175.135 121.938
164.515 181.515 145.792
136.014 171.878 158.594
166.99 145.205 113.95
163.547 159.271 114.027
161.832 68.8318 132.536
143.323 65.4837 149.719
161.323 85.0418 107.724
134.328 79.4 118.524
157 127.845 94.6092
153.272 187.593 105.011
172.116 90.1779 149.868
183.529 118.567 147.023
146.739 89.5342 171.318
171.259 126.727 163.402
168.4 141.787 162.537
132.231 88.7162 158.596
131.376 182.695 102.008
133.511 157.757 111.442
177.329 134.727 120.329
186.089 142.371 111.883
165.35 155.81 97.9391
185.676 119.947 131.596
182.134 107.712 101.951
187.528 118.679 108.493
165.546 176.805 117.446
174.852 167.797 130.31
168.352 121.088 133.355
141.151 54.6825 121.085
171.362 150.052 83.8403
145.485 81.5056 126.801
163.253 128.65 157.536
138.585 110.385 162.471
157.729 168.481 111.973
170.567 139.777 108.396
164.049 157.231 127.806
173.402 115.355 97.2327
145.034 74.577 112.455
168.656 172.769 138.347
156.142 191.178 137.489
150.658 171.191 158.473
177.959 103.632 152.365
158.618 95.7741 158.687
154.948 64.0402 129.773
153.43 73.1454 141.952
170.131 81.0933 123.456
171.903 91.5018 110.291
153.75 101.229 107.809
168.345 190.219 116.889
142.144 165.721 106.474
150.944 186.679 107.418
142.604 85.3482 140.612
131.701 128.439 138.419
163.953 115.773 160.082
171.871 152.98 146.203
154.765 140.373 167.137
130.677 187.758 108.367
134.904 98.3331 153.022
181.139 101.047 111.888
178.213 106.149 124.68
181.452 131.16 118.541
150.702 85.3331 90.9232
