100.789  198.06 112.714
96.6802 70.3117 113.892
120.908 111.914  180.98
 71.867 135.012  133.21
112.043 203.922 116.679
120.174 179.945 124.764
119.644 159.711 150.809
 120.96 134.357 158.907
123.932 108.945 150.785
 121.47 97.8164 128.098
121.614 73.0903 141.164
78.3158 153.529 128.155
 83.197 174.426 109.818
 79.115 169.321 122.079
92.3673 174.618 145.993
118.007  169.52  159.17
91.3018 138.444 117.065
90.6693 152.123 114.513
90.7038  70.354 134.427
110.918 64.2281 146.988
95.8839  97.198 105.019
118.913  79.582 118.305
101.867 128.451 95.3498
100.291 174.303 101.286
82.8178 88.3825 155.017
73.5378 112.495 150.036
104.341 88.3908 173.555
86.5485 121.617 171.392
  88.12 138.062 167.775
121.738  89.682 160.973
121.215 175.181 98.4355
119.561 151.191 107.936
81.0513 129.692 126.663
70.0419 134.537 116.589
87.4227 150.295 102.215
71.5907  113.13 137.208
74.5392 110.041 102.324
69.1196 118.618 112.712
87.9696 171.687 114.474
84.7804  160.22 126.973
89.5463 115.967  136.98
112.695 55.8939 122.693
91.0624 148.931 84.6715
114.476 84.6233 127.465
92.6359  126.04 162.548
115.853 111.595 162.123
98.0292 161.505 109.854
88.0147 133.495 115.003
93.1131 148.192 128.684
84.5638  125.64 99.0158
108.209 71.5577 118.469
87.5022  165.36 136.405
100.245 186.989 132.972
104.613 167.209 158.788
80.0206 98.3128 160.757
 99.081 92.1922 159.299
100.306  67.638 130.036
100.192 74.5933 140.789
82.5791  83.277 124.913
 85.804 99.3545 108.146
100.365 99.7976 112.372
 87.348 184.644 114.288
113.382 161.156 100.721
102.769 178.499 104.952
111.631 82.7455 144.273
124.186 129.918 138.061
92.2417 113.481 161.392
85.4121 147.924 147.615
102.115 136.669 168.651
118.822 179.668 106.309
117.797 99.9014  152.58
76.8742 108.428 107.858
79.1328 109.119 127.202
77.7022  124.68 126.026
106.578 87.3116 91.7175
   -nan    -nan    -nan
113.257  150.29   127.8
102.289 144.829 118.544
107.157 138.721 119.129
102.414 123.769 107.501
102.304 137.486 102.975
  117.1 154.531 111.337
   -nan    -nan    -nan
140.774 151.028 127.979
151.905 143.607 118.657
146.712 138.157 118.571
152.913  123.43 106.797
150.491 137.028 101.814
135.567 153.587   111.7
147.857 198.927 107.428
164.332 74.3047 113.039
132.935  114.09  180.28
182.506 135.599 136.428
143.079 202.434  119.32
134.223 179.434  127.25
  133.5 155.637 154.351
133.118 132.709 160.513
  129.7 109.654 149.328
132.672 97.4522 128.298
134.701 72.1793 145.909
175.491 152.895 130.684
171.041 173.043 113.649
173.621 169.977 123.511
160.285  173.43 149.937
136.021 168.548 161.023
164.004 137.647 117.537
161.671 149.892 113.795
167.231 72.8337 133.394
150.606 65.8043 149.875
159.641 96.4136 104.596
 135.04 82.4669 121.607
151.357 127.181  94.737
154.607 174.931 102.633
176.372 91.4494 151.146
179.816 114.946 153.226
146.088 88.9378 173.839
167.503 120.486 172.881
164.225 135.205  168.74
133.473 89.6857 161.966
131.562 174.102 98.9914
131.967 150.871 107.688
172.875 131.577 127.104
182.822 139.662 116.141
 164.44 149.137  101.54
182.546 119.939 138.717
181.318 116.043  99.794
186.536  122.07 112.526
165.977 169.276 120.345
170.126 157.717 128.357
164.912 118.905  137.88
142.434 58.9859 123.692
163.864 149.002 85.2546
141.341 87.1082 128.425
160.374 125.028 163.776
137.782 113.332 163.057
155.722 161.421 110.623
166.441  133.95 113.468
160.735 148.881 127.457
169.404 121.429 97.3926
146.829 74.2873 117.442
164.671 166.344 140.143
153.213 182.828 141.032
146.735 163.038 161.784
178.988 105.685 153.081
158.377 94.0913 162.892
159.328 69.2061 123.434
 157.49  74.269 139.549
175.508 88.2177 118.441
174.955 97.5998 106.131
154.456 99.4749   111.6
163.235 184.024 116.336
139.585 159.465 102.012
150.778 177.362 105.196
145.129  83.526 143.875
130.693 119.281   138.2
 160.46 111.531 167.187
168.108 146.119 147.088
 151.59 136.946 170.607
132.731 180.515 105.055
135.778 100.402 153.855
 179.62  111.85 110.728
175.191 108.039 127.482
175.599 127.003 128.021
 147.19  87.971 91.4538