105.401 201.847 107.354
96.0692 60.1166 113.885
120.617 114.599 183.956
77.8025 129.05 139.479
110.832 209.378 116.36
121.077 182.049 124.303
120.264 159.268 151.482
121.181 131.38 157.921
123.439 106.635 149.485
121.281 92.7719 130.919
125.445 59.9996 137.259
81.619 148.464 127.747
84.1771 170.355 113.275
82.0204 172.301 125.61
94.4941 173.912 149.137
118.836 173.6 158.077
94.2099 135.84 119.807
93.6794 152.033 116.979
97.7687 55.46 135.053
120.645 53.9905 149.131
99.9091 86.8592 107.854
120.001 68.5371 114.144
102.69 125.342 99.2261
99.8257 177.475 101.422
96.9479 72.5993 161.613
77.2779 102.923 148.114
109.487 87.3435 175.517
87.4618 121.211 168.654
88.3471 135.898 165.984
122.206 90.6489 162.845
122.19 178.473 97.6825
119.342 151.952 110.688
85.0183 121.653 130.992
72.7814 124.967 121.852
88.2387 150.322 105.394
75.3303 100.308 136.677
78.9369 106.478 103.895
72.4304 106.914 116.526
90.2953 172.13 119.617
86.3524 159.043 128.789
93.3152 106.81 138.998
116.5 46.2437 119.369
91.6148 151.754 87.9424
116.268 73.9166 126.926
94.953 124.774 164.073
116.936 111.989 165.803
99.2221 165.131 110.583
90.8207 129.16 118.804
97.6771 146.879 131.278
88.0318 123.489 102.307
106.694 60.9722 115.095
89.3526 163.931 140.065
102.379 188.836 136.118
106.268 161.464 164.318
84.6667 88.8991 160.711
103.42 87.5194 158.812
103.314 56.4961 133.35
110.207 57.7798 147.309
94.7745 71.2665 129.455
89.0464 88.874 112.03
103.4 92.6387 115.135
89.8657 185.866 114.561
115.182 166.937 100.827
103.251 181.56 103.343
118.962 77.3207 145.627
122.548 121.859 138.603
87.8699 107.33 165.246
88.4037 145.01 144.782
99.607 136.173 173.255
120.468 182.633 104.914
116.977 100.928 157.491
78.6573 105.956 109.447
83.3458 97.3491 131.017
81.9605 114.529 132.289
104.985 87.9033 89.8536
-nan -nan -nan
115 152.382 127.629
103.857 143.407 119.807
108.686 137.912 119.852
103.138 122.109 110.273
104.385 138.347 105.672
118.119 155.626 112.725
-nan -nan -nan
140.24 154.769 127.37
150.857 146.423 118.509
146.123 140.1 119.678
150.345 123.76 110.024
149.849 141.051 103.821
137.138 158.477 112.726
147.493 203.707 104.933
164.733 67.6087 117.473
132.046 117.025 184.581
176.167 136.418 135.151
144.2 210.459 121.481
134.655 183.689 124.582
133.642 156.253 153.696
132.687 131.223 158.832
129.835 108.761 150.157
132.481 97.6922 131.845
132.727 71.6251 143.609
173.094 154.115 125.757
172.419 178.618 111.002
174.611 174.196 122.83
162.976 179.626 143.378
136.518 172.345 161.265
160.37 142.431 116.576
160.626 157.93 114.372
160.589 64.0177 141.108
139.014 57.556 153.141
154.34 93.6167 107.448
135.1 79.3497 118.006
150.41 131.582 95.3983
153.948 180.224 100.493
168.482 85.6794 155.425
178.425 114.175 144.989
144.837 90.3927 180.044
164.821 125.569 169.858
166.331 140.33 162.918
132.567 89.668 163.083
132.154 180.89 98.704
133.563 155.469 110.356
170.575 128.787 128.508
181.911 137.033 116.392
163.473 153.571 101.034
180.937 111.187 134.83
173.516 110.819 100.318
180.967 109.393 112.542
166.53 177.53 117.602
169.308 165.291 125.026
160.638 118.29 136.636
145.078 54.1746 121.893
161.484 153.652 85.6725
138.273 84.6978 129.618
157.879 127.133 163.279
137.127 110.426 164.382
154.933 168.087 110.74
164.794 135.363 115.303
158.307 154.217 127.946
163.201 123.512 100.628
148.716 68.6953 117.639
166.449 169.115 139.602
152.646 189.905 136.824
149.311 162.091 161.703
169.651 103.51 150.453
154.493 94.0046 163.341
154.558 64.01 136.798
146.023 67.1817 154.688
166.305 79.8308 126.385
162.195 89.0561 111.066
150.166 97.6863 114.068
167.11 187.955 115.029
140.588 162.784 102.876
150.914 182.561 103.138
141.483 83.0367 149.564
131.826 134.345 139.317
163.071 114.041 167.89
167.617 153.334 141.965
152.315 138.291 169.461
132.555 185.158 103.515
132.603 100.136 157.933
174.131 111.035 107.318
170.274 105.372 127.862
172.249 123.218 129.596
147.134 86.5964 89.9878
