103.056 197.317 113.542
92.7846 70.4561 109.155
119.162 112.176 179.443
70.2455 132.838 137.701
113.169 203.45 119.447
119.422 179.668 127.475
119.579 155.32 151.473
119.602 127.5 153.557
122.29 105.117 144.896
117.26 98.1405 125.145
120.25 66.152 137.797
76.7165 152.457 129.622
79.8733 174.556 111.019
75.0248 170.997 123.211
91.5742 175.474 150.853
119.375 168.449 158.361
88.0663 137.068 119.891
90.677 152.764 117.362
83.5138 67.2686 122.233
108.267 57.0951 138.327
94.7586 96.4671 104.288
117.887 79.4922 118.252
103.893 130.698 97.2984
98.5378 174.987 104.202
77.8487 83.5143 148.146
74.3503 109.889 153.969
106.907 82.0561 167.983
86.5464 119.238 171.538
88.8347 136.285 167.571
120.85 86.4317 151.245
122.033 173.637 102.138
114.86 149.207 111.987
77.1513 126.349 130.871
70.5277 141.122 114.23
86.5627 152.651 102.721
73.1787 111.638 140.104
76.1575 120.072 92.0379
63.5592 127.029 108.011
84.1329 175.063 114.689
82.7848 161.609 125.27
87.9992 111.132 139.815
117.494 52.976 113.327
94.1056 148.895 83.6239
107.666 83.3999 124.979
91.3212 125.609 161.325
114.878 106.121 159.356
97.471 163.285 113.692
85.3889 132.704 117.131
92.2152 148.555 131.034
90.4151 124.507 91.7455
108.564 70.8087 113.508
85.3092 169.041 139.225
98.5805 186.899 133.877
106.67 167.342 158.618
73.0704 98.5155 149.345
96.1754 85.746 155.734
92.0272 64.7674 119.936
96.5376 66.2011 132.381
72.9468 90.9558 116.902
80.3597 102.811 104.278
99.9045 98.0698 110.466
80.7235 188.186 116.516
114.259 162.797 105.203
100.891 179.064 107.005
108.665 77.8388 138.76
121.418 129.899 135.2
93.8063 110.193 162.46
85.0138 148.343 149.866
102.5 134.279 168.554
120.142 181.105 109.667
118.726 95.7965 147.667
71.5844 114.506 100.945
74.0533 112.975 122.372
72.2904 121.664 126.77
104.9 79.8808 90.076
-nan -nan -nan
111.75 151.224 130.026
100.619 142.488 121.591
106.447 138.129 120.901
99.7489 122.318 108.706
102.22 136.8 104.708
116.527 154.179 116.26
-nan -nan -nan
141.715 154.121 129.061
154.603 145.6 120.61
149.666 140.4 120.699
154.865 125.106 109.188
152.096 139.957 104.292
136.417 155.888 115.723
144.786 199.77 105.336
158.921 77.0862 112.372
131.505 118.77 179.57
179.943 135.94 138.298
142.661 205.115 117.7
134.637 178.235 125.491
132.748 153.681 154.379
133.781 134.408 158.026
130.727 111.68 148.295
135.782 100.686 131.189
133.733 71.9844 146.821
177.724 155.252 134.242
177.579 179.391 112.927
180.342 170.306 124.48
164.675 179.4 146.375
136.653 174.935 155.004
165.997 141.782 120.285
165.424 155.887 117.287
167.387 68.324 125.726
147.642 62.7995 149.15
157.348 102.233 104.079
135.428 88.6215 124.285
150.689 135.093 93.2148
156.409 179.075 103.716
180.256 95.0444 150.736
180.11 121.714 157.353
148.39 89.7598 175.647
166.085 127.208 172.621
166.838 141.642 166.469
133.08 92.5357 161.376
131.695 172.691 101.392
132.689 152.12 113.715
179.14 132.883 129.561
186.784 141.458 116.403
164.325 153.021 101.014
186.098 123.798 140.07
178.902 122.24 93.2701
190.175 122.561 108.961
170.211 172.765 119.874
175.98 161.649 133.074
166.446 122.435 139.827
141.624 60.9479 121.047
164.612 156.265 85.173
143.881 91.4236 131.241
159.14 129.447 163.602
137.811 114.219 161.431
159.753 165.156 113.563
169.722 138.295 116.114
163.037 151.676 131.042
167.071 130.58 91.6463
143.609 79.6858 120.634
166.438 171.776 137.732
156.148 191.74 135.539
148.298 168.977 156.564
176.948 111.532 161.727
159.823 92.6658 160.162
160.242 66.5349 122.968
159.24 69.2271 140.49
177.889 83.1251 112.987
171.297 100.364 106.288
155.858 108.961 110.139
169.833 186.679 119.465
139.917 161.582 104.707
152.783 178.139 105.744
146.879 86.2432 145.817
131.506 135.938 136.987
157.605 115.091 168.996
168.468 153.21 148.206
157.137 143.436 168.806
131.414 176.526 106.398
135.616 103.261 153.117
182.117 118.756 103.89
179.55 111.13 126.683
182.754 129.467 129.191
151.153 81.1749 91.469
