107.253 202.48 109.621
94.0852 61.2013 111.59
119.164 117.939 182.022
75.7088 142.396 127.808
113.959 208.794 116.614
121.812 183.676 123.854
120.603 160.976 150.568
120.753 135.808 157.098
124.235 109.885 149.441
122.324 97.1629 125.973
122.234 64.8479 141.15
80.5973 163.717 124.012
84.25 171.775 108.34
82.905 181.369 122.449
95.8887 181.123 148.286
118.709 172.912 157.298
91.5077 140.828 115.476
93.1924 154.238 111.931
90.4225 63.8131 135.013
112.98 62.4182 152.444
95.615 87.2588 106.862
117.444 71.5457 117.014
101.434 123.968 97.0341
101.569 178.93 101.03
89.6003 81.4193 155.832
78.5454 110.462 148.825
106.202 91.0157 172.924
86.4484 127.65 167.902
86.2922 146.667 159.83
123.677 92.2972 162.164
124.01 182.14 100.049
121.57 152.864 110.595
81.1311 126.945 122.784
71.3126 127.093 116.384
84.5168 151.137 95.641
78.8241 105.593 132.381
78.48 99.2697 106.754
72.9077 98.4786 116.859
91.3957 175.417 113.409
87.2407 172.467 125.185
89.0521 115.106 134.018
108.888 48.6558 129.294
80.7305 139.896 89.1961
113.898 77.732 127.099
94.4287 131.862 160.558
116.145 112.811 164.1
98.9853 164.072 108.319
88.7968 133.81 112.036
94.8383 156.511 126.565
87.7312 113.513 100.073
105.709 64.3075 117.936
93.5792 174.728 137.944
102.395 198.39 132.569
106.559 172.512 156.358
80.0615 91.486 155.536
100.443 93.6957 156.25
95.4635 61.5604 130.344
104 69.7463 141.879
86.8261 78.2754 127.635
88.8507 87.7289 115.033
101.571 93.8531 112.726
91.7541 191.201 113.734
113.566 156.939 99.2895
104.825 182.065 103.685
114.056 83.698 144.222
124.411 120.831 137.182
92.9855 115.93 159.562
86.8891 158.135 143.815
101.281 144.346 168.146
121.67 182.984 108.918
118.841 101.431 154.6
78.492 101.833 111.788
79.7856 101.16 127.011
81.4402 119.851 118.91
104.643 82.4634 91.1534
-nan -nan -nan
110.586 152.128 127.972
103.061 145.161 121.535
106.864 141.227 117.861
101.322 124.109 104.337
101.307 139.078 102.829
117.889 157.079 111.893
-nan -nan -nan
144.093 152.94 127.614
152.473 146.269 119.652
148.322 141.54 119.106
152.578 123.359 106.221
151.868 138.504 103.687
137.058 156.374 111.768
148.957 202.004 109.884
164.546 63.731 113.573
133.956 117.683 180.577
180.147 142.042 131.133
143.44 206.25 121.558
135.292 182.995 124.923
135.054 161.386 152.498
133.397 136.608 160.288
129.936 109.387 147.411
132.839 99.1705 123.633
132.45 62.4614 143.548
173.863 161.15 124.036
171.404 173.988 111.872
174.536 179.197 126.029
162.039 178.725 148.393
136.264 174.152 158.638
161.735 142.785 113.728
161.358 154.823 111.752
166.578 68.9992 138.41
144.273 58.1981 147.725
155.546 85.9181 106.635
135.081 76.6455 118.203
146.561 125.276 96.7389
152.933 178.546 101.603
168.889 91.7214 156.78
177.726 119.178 147.296
145.536 88.946 173.03
167.009 127.318 169.265
166.112 144.845 163.887
132.629 89.4365 155.654
131.296 178.372 99.9298
132.755 154.866 108.965
174.079 131.402 123.316
181.317 137.185 111.521
161.485 148.286 97.0965
182.572 119.133 133.345
173.958 100.238 101.708
182.347 114.727 107.745
164.614 174.432 119.767
171.194 172.358 126.788
164.297 121.99 134.307
143.527 51.6815 120.365
158.342 147.984 82.8774
140.09 81.7705 126.562
160.443 131.362 161.45
137.895 111.852 162.315
155.484 163.488 109.472
165.247 134.86 111.228
161.666 156.079 127.456
161.702 120.364 96.0016
148.242 67.5282 115.621
164.493 174.49 138.519
152.293 190.977 133.317
147.979 170.749 158.397
174.724 107.204 150.024
153.484 94.046 157.837
159.675 64.8593 132.166
153.923 70.7583 140.961
172.217 83.105 128.31
164.43 86.6984 114.77
151.091 93.4832 112.958
168.046 187.753 113.164
139.421 168.556 102.829
151.507 181.228 105.508
141.87 80.2827 140.921
132.979 132.09 134.864
160.177 117.183 161.521
168.203 158.892 146.588
152.449 144.55 170.417
131.704 180.737 106.06
134.368 99.9169 150.667
176.764 103.48 106.845
172.479 106.127 127.655
177.046 124.445 122.707
148.686 81.7264 90.1009
