101.265 204.818 108.917
83.3502 67.3414 108.129
120.275 111.044 184.098
69.4111 136.542 134.377
110.162 211.944 115.85
119.776 186.066 125.937
120.275 161.255 153.739
120.37 132.05 162.156
123.925 100.918 149.084
118.432 93.8089 121.681
118.696 63.3569 140.273
76.1756 157.959 127.943
78.5241 179.33 108.694
76.7771 177.797 122.729
89.6787 177.629 150.023
117.763 175.693 159.786
88.6709 139.32 113.926
89.2705 154.867 113.945
86.5581 63.6374 130.283
106.419 57.883 143.897
85.3906 92.4381 100.809
114.454 71.9255 111.324
102.759 130.524 92.8091
96.2843 179.205 101.866
84.4678 83.4517 157.821
73.5596 112.428 150.883
107.291 83.9387 173.304
86.8318 122.61 171.461
87.9477 137.425 168.583
121.081 83.8758 159.593
120.765 178.918 98.2807
116.375 150.541 106.442
72.5995 126.707 124.176
66.4335 138.651 111.879
84.4228 153.899 97.9047
67.4915 112.413 136.787
72.2615 116.783 96.399
63.7999 117.646 109.08
85.3548 176.006 114.348
81.382 171.195 126.064
85.2257 112.626 135.868
106.429 48.7 115.638
87.9056 149.836 81.7122
109.237 71.8578 122.274
93.0818 125.252 164.386
116.841 106.538 166.749
96.0661 165.757 110.144
84.2982 135.169 111.338
91.3089 152.897 127.991
84.6175 122.445 93.6618
97.7989 68.2693 105.425
88.3955 174.116 136.736
101.393 197.797 135.441
105.024 168.627 161.131
79.3459 97.0457 151.503
101.078 87.1846 163.403
89.7213 61.8779 125.172
96.853 65.1034 140.435
70.6835 81.0918 117.301
78.8554 96.2521 107.248
96.4283 96.0362 103.692
84.4805 188.991 116.866
112.949 165.563 100.122
100.503 183.623 103.49
110.209 77.9182 137.979
122.378 108.632 134.669
93.0538 110.837 164.916
83.5634 147.861 146.949
100.506 137.795 172.73
119.597 185.007 105.504
118.19 93.2788 154.899
70.2528 111.541 106.393
75.7829 103.922 124.989
70.8739 121.67 120.183
103.098 79.6483 87.0828
-nan -nan -nan
108.829 150.373 128.782
99.4848 144.642 116.531
104.442 137.722 115.984
98.1946 123.445 103.049
100.158 139.17 99.3777
116.058 155.613 110.019
-nan -nan -nan
145.734 150.892 127.276
154.823 143.875 115.303
150.042 137.228 115.867
155.643 120.29 104.431
154.37 137.142 99.339
138.402 154.635 109.124
146.82 203.027 105.361
173.606 68.7877 105.067
133.147 106.035 184.314
183.674 135.475 131.686
144.266 210.845 119.1
133.881 185.242 124.747
133.709 157.86 155.692
132.508 130.587 162.238
129.797 101.675 149.457
134.096 90.6973 122.252
131.608 58.5175 135.337
178.028 155.292 125.358
177.254 173.714 113.177
178.236 179.066 127.586
164.048 177.451 147.124
136.246 172.875 161.684
166.78 136.875 114.585
166.06 153.829 111.489
169.978 62.7174 126.947
143.962 58.3713 146.887
166.652 88.1804 99.2271
136.173 69.6147 110.619
152.314 129.907 93.4688
157.713 178.393 99.787
172.4 83.1875 153.988
180.89 114.731 147.17
145.978 83.3009 175.184
168.759 120.431 169.367
168.618 136.161 164.095
131.3 80.4979 160.923
131.484 176.783 97.6867
133.67 152.836 106.813
180.584 126.12 122.285
187.887 135.159 113.566
168.095 150.241 98.1047
186.037 113.178 134.363
186.357 117.186 94.2941
191.368 115.689 108.732
170.731 173.5 122.028
172.447 167.167 123.635
167.034 115.433 133.908
147.119 48.9302 112.423
165.784 150.821 81.7252
143.42 71.6797 121.632
163.23 123.421 161.78
136.532 104.231 166.768
160.436 164.355 108.229
170.034 132.473 109.561
163.085 152.079 125.696
173.149 119.961 94.9558
151.468 65.9048 102.739
165.872 172.752 138.587
153.006 195.058 132.752
149.468 162.688 162.28
177.078 106.178 158.663
155.576 86.0723 163.059
161.802 59.9864 122.198
154.432 65.4252 139.532
173.184 78.3315 118.18
180.042 96.2212 100.957
157.509 97.3469 102.024
169.516 186.472 115.844
140.59 163.382 99.5159
153.423 179.497 102.271
141.573 77.0669 139.345
132.167 119.021 136.878
161.745 110.691 165.366
170.105 150.72 143.784
152.578 132.398 172.379
132.136 186.927 104.38
133.374 91.9273 154.938
184.737 111.649 103.888
177.358 102.159 125.586
182.972 120.928 123.679
151.828 80.7424 86.2667
