101.149 199.478 107.917
 87.053 67.5737 117.941
  119.8 114.535 182.883
69.9068 135.014  128.02
108.975 207.276 115.238
118.431 180.195 124.389
119.172  157.17 148.725
119.741 131.154 155.078
123.173 107.643 147.869
117.855 98.8056 129.117
120.675 71.3215 141.334
74.2025 156.622 125.655
77.7654 171.406 108.235
 75.316 173.591 118.871
87.7776 178.851 144.873
117.302 172.857 154.586
88.8998  139.42 115.488
89.3315 154.383  112.21
90.7289 65.3441 139.764
112.639 60.2894 149.298
  89.45 90.6308 107.218
116.192 74.8983 119.755
103.145 127.096 95.2583
96.8776 176.178 99.7707
 82.653 87.9089 159.482
71.7338 114.757 148.821
109.391 89.2394 175.801
81.3226 125.373 166.709
82.6932 141.025 159.729
121.984 90.9139 158.028
120.477  180.76  100.89
115.386 151.039 109.217
 76.889  129.57  122.86
68.2068 137.898 110.925
85.9994 150.666 98.2425
69.2607 110.413 137.062
72.9464 107.732 100.468
65.2755 112.179 112.105
83.2736 175.176  114.39
81.0655 163.142 124.561
85.8514 114.007 136.247
106.571 53.4434 118.879
91.6882 146.984 82.9233
109.142 80.4936 128.225
89.2695 128.052 159.437
 116.32 112.699 163.474
94.5625 164.835 108.959
85.8952 133.887 112.022
89.9883 151.033 126.685
84.6303 119.388 99.5405
100.044 70.4699  113.68
86.0873 172.749 134.169
98.6091 192.991 131.262
103.591  171.76 153.895
 72.296  100.17 151.141
100.053 93.8495 161.915
97.3701 64.7831 133.277
100.735 71.2029 146.117
83.4458 79.2288  130.36
82.3226 92.6823 113.273
100.072 96.9017 110.965
83.2647 183.894 107.921
112.679  166.29 102.787
100.122 179.581 102.971
110.429 81.3713 142.864
123.309 135.271 135.805
87.6299 115.625  160.99
82.9677 154.393 146.644
 98.819 137.691 163.754
117.325 182.357 109.525
 118.01 100.073 153.723
73.5357 103.671 111.604
76.1261 106.102 127.692
73.3754 122.914 122.384
100.957 82.1533 90.4842
   -nan    -nan    -nan
108.931   151.6 127.235
99.3145 144.888  117.56
104.095  138.39 118.285
101.729 122.532 107.863
102.258 137.902 102.786
116.892 154.965 113.073
   -nan    -nan    -nan
144.946 153.123 126.044
154.591 145.666 117.491
150.026 138.834 118.711
152.634 122.058 110.315
151.631 138.672 103.355
137.052 153.545 112.543
147.693 201.801 107.631
164.789  62.271 113.507
132.381 117.265 182.154
184.078 137.264 126.933
143.102 207.071  119.36
134.423 181.062 124.781
 136.03 154.742 151.553
134.623 130.977 156.523
131.253 107.156 146.125
137.946 96.2836  127.02
130.558 67.3737 133.517
177.799 157.817 121.647
177.181 178.972 106.776
178.894 174.506 119.816
166.738 177.755 146.159
136.622 174.274 155.292
165.134 141.349 114.512
162.362 154.254 112.898
161.724 62.3743 136.492
137.101 60.5381 149.051
163.699 85.2656 107.388
 137.65 74.3327 115.355
150.606 130.424 95.8655
155.329 180.266 102.231
169.153 83.2955  155.24
185.125 111.631 147.347
143.908  91.807 178.305
173.505 123.301 165.404
172.086 139.972  159.48
132.127 90.6276 158.966
131.196 176.007 99.7043
132.959 152.377 110.305
178.285 129.544 122.469
187.748  136.76 113.276
166.861 149.366 100.688
 187.05  111.68  135.67
181.874 107.238 102.973
 190.26 113.422 112.616
 169.03 173.102 114.771
175.754 165.496 123.136
167.789 118.438 134.075
139.033 51.0454 119.849
164.165 151.617 84.7653
146.423 81.0474 127.071
166.342 127.453 157.837
136.462  113.11 163.405
158.977 167.001 111.673
168.742 134.032 111.875
163.747 152.972 126.446
168.419 116.738 102.766
147.433 62.3648 110.202
169.062  170.93 135.115
156.893 190.116 136.237
149.539 172.405 154.756
177.325 97.2777 149.542
153.475 91.7316 162.193
156.052 60.2023 127.597
148.702 66.8265 141.691
168.657 75.0648 128.224
172.699 88.7058 112.954
155.008 96.9932  111.36
172.387 189.828 113.731
139.665 164.726 104.264
152.821 182.129 104.676
141.184 80.4458 142.352
132.622 131.996 136.564
167.611 113.227 160.565
173.992 153.607 141.288
158.355 139.916 162.293
132.539 183.855 104.936
134.192 98.4544  153.17
184.683 110.767 108.435
176.295 102.464 127.193
182.161 122.896  125.42
 153.33 82.4526  92.366