103.428 197.898 112.173
95.3871 63.4796 105.67
120.351 111.386 179.36
71.2118 139.68 130.772
110.418 203.856 118.04
119.886 182.026 122.678
119.864 157.343 151.169
119.054 129.528 155.191
122.719 105.498 148.767
117.148 99.9648 124.188
122.38 67.0995 137.933
80.0786 160.568 127.68
81.8877 171.653 108.336
77.4556 175.822 123.279
94.2931 179.638 150.646
118.563 168.084 159.005
90.5747 139.68 115.279
91.6072 152.895 115.526
89.7241 60.9751 122.549
111.797 57.2328 144.033
92.1449 93.9317 98.6833
116.101 77.2552 114.193
100.699 126.93 93.949
98.4701 175.846 102.765
81.6604 82.1324 150.29
72.449 113.781 144.241
105.698 84.4482 169.127
82.064 124.779 168.037
84.7358 140.678 162.704
121.088 87.8545 159.264
121.17 171.654 99.9884
116.086 148.961 108.387
81.7311 127.639 123.934
69.2309 137.155 113.917
81.7437 147.113 100.759
72.5822 109.916 131.803
72.6786 105.767 96.1602
66.6841 114.079 105.287
89.375 171.333 118.433
83.3702 169.052 129.913
87.2498 114.64 135.603
116.9 48.4778 116.262
78.9443 143.106 82.368
112.514 80.8337 123.579
91.0737 127.48 162.317
111.374 107.09 163.141
97.793 163.735 110.887
86.683 132.69 114.905
93.662 155.158 129.192
85.9671 120.434 89.5804
104.383 66.5846 112.455
89.2793 172.884 141.363
102.268 188.955 135.787
105.768 161.314 162.97
75.12 98.5969 151.582
98.6318 88.4905 156.059
96.1516 60.6096 119.997
100.135 62.3843 134.89
82.556 79.9574 120.774
82.8221 98.7311 101.457
97.3184 98.7764 105.859
85.6183 184.812 117.8
111.362 162.433 102.15
101.895 180.763 105.692
111.328 81.4533 138.915
122.017 117.987 135.305
89.7552 113.987 160.936
86.1351 153.171 145.551
99.7483 139.059 166.197
118.677 177.216 107.969
118.33 97.4714 152.307
76.5127 106.095 103.38
72.9074 107.863 119.486
80.9446 121.205 120.919
105.306 84.6487 85.3497
-nan -nan -nan
110.395 151.671 126.615
102.323 141.924 120.21
105.473 137.374 117.462
99.3179 120.148 105.958
99.849 134.235 102.225
115.835 154.825 111.291
-nan -nan -nan
142.701 153.888 125.921
152.327 146.273 118.504
147.857 141.197 117.044
154.211 122.4 106.632
152.615 137.101 101.379
136.905 155.682 110.66
148.177 199.25 110.154
169.614 73.8307 108.323
133.938 114.769 182.208
182.321 142.563 131.976
144.924 205.977 121.907
134.688 182.462 124.479
134.7 160.146 153.259
134.832 134.586 156.77
131.548 109.405 150.121
137.763 100.334 126.04
135.207 68.4859 143.854
172.608 160.723 125.357
171.735 170.952 110.949
177.539 177.393 123.938
164.038 178.258 147.494
137.243 172.616 157.384
164.239 140.728 117.497
160.378 155.194 113.911
172.699 73.9271 130.467
150.973 62.3419 145.749
158.8 95.724 100.438
138.594 83.8406 118.338
149.901 129.264 91.9888
155.894 177.887 101.247
176.727 94.3024 155.81
183.099 123.908 144.93
151.268 91.9231 173.541
171.094 130.149 167.322
165.877 142.513 167.822
133.809 90.6865 160.801
132.281 175.658 98.5747
133.308 153.676 107.061
173.03 132.157 122.755
184.052 143.353 111.057
165.939 149.901 100.557
185.502 119.503 136.006
180.106 111.364 98.2676
187.906 120.652 107.966
165.943 175.31 118.329
169.046 171.787 123.493
166.149 123.069 135.662
142.914 56.8648 119.636
162.915 146.239 82.4915
145.586 84.3678 126.712
162.668 132.526 163.239
141.426 111.303 165.027
155.878 165.82 109.357
167.4 136.055 111.603
160.193 157.936 127.652
166.972 121.634 91.4325
150.114 70.1159 111.648
164.255 172.218 139.186
156.195 191.662 137.669
148.853 166.434 159.257
180.066 114.874 158.141
159.978 95.7627 158.481
162.379 70.0869 124.263
159.078 72.8657 136.652
172.65 88.0788 122.28
171.516 97.4215 101.223
157.647 102.357 105.864
171.258 184.299 112.941
139.31 167.168 101.613
152.835 181.168 103.813
146.898 83.7586 143.529
133.004 126.725 136.764
163.171 120.467 161.619
170.221 156.558 145.323
151.433 139.477 170.444
131.192 178.613 103.846
137.929 101.98 152.532
182.265 110.497 106.898
178.077 112.098 126.646
177.955 127.193 124.102
147.809 81.8916 87.0761
