107.045 199.884 109.666
89.4349 62.8342  107.82
 119.13 111.624 179.526
73.8309 136.433 129.735
113.167 207.673 115.316
119.965 185.234 126.344
120.639 161.591 153.567
121.702 135.605 161.001
123.086 104.819 150.296
120.312 95.3646 125.776
120.811 60.0542 138.533
79.7673 158.443 128.874
86.3264  179.57 111.667
82.0937 175.884 121.193
94.1575  180.67 149.286
118.496 172.618 162.197
91.8438 142.448 115.674
94.0403 157.028 113.923
 90.959 57.7579 127.206
109.684  55.434 144.398
90.5225 91.2107 102.346
115.317 71.5774 114.155
105.373 123.849 98.6293
100.147 179.018 102.516
85.4139 77.2048 151.638
74.1597 108.998  146.66
108.405 83.6884  171.76
84.5995 122.964  166.22
89.5652 138.562 165.907
121.153 87.9917 158.788
122.021 181.681 101.371
113.561 151.123 108.715
80.6743 130.216 120.738
71.8412  137.14 110.425
90.6084 149.921 97.3808
72.4112 107.285 133.763
77.8582 105.181 98.1974
68.8667 108.313 109.213
90.0872 182.681 115.262
86.6929 166.074 126.781
87.7514 113.774 133.122
  112.6 47.6977 111.632
89.2386 144.983 83.5754
110.492 72.4687  123.94
91.3397  127.39 159.748
115.071 110.687 164.213
 97.426 168.151 110.775
 88.461 134.373  112.28
93.6334 153.206 128.289
90.9153 116.578 94.5071
98.7589    66.2 109.425
89.4081 174.563 137.704
102.993 190.869 137.533
106.282 172.663 159.956
81.0113 94.6692 151.538
99.6683 86.9706 159.214
96.5796 56.8991 121.617
99.7067 64.1639 137.112
85.6057 72.5125 121.644
 84.465 91.7147 109.085
99.5182 94.7986 107.252
91.9419 193.382 119.577
112.606 164.621  103.05
103.167 181.535 104.402
112.582 79.3389 136.685
122.228 115.253 138.819
90.2375 113.041 157.494
 85.493 151.382 148.159
101.024 141.781 169.614
118.555 181.736 108.982
 117.84 96.9915 153.871
76.7962 103.495 106.633
78.9544 101.492 124.812
76.0805 122.979 119.132
105.654 83.7041 86.9382
   -nan    -nan    -nan
108.171 152.416 131.284
101.339  143.57 121.895
106.232 140.883 118.389
99.6924 125.133 104.084
100.735 139.513 102.656
116.913 159.622 111.694
   -nan    -nan    -nan
143.676 153.023 128.501
151.596  146.44 119.067
147.667 142.146 117.524
153.786 124.696 106.201
 151.88 142.266 101.668
136.032 159.217 111.664
148.215 200.868 110.164
169.684 69.7374 109.279
133.303 112.911 180.371
179.367 136.269   128.7
145.262 204.632 124.736
135.541 183.972  130.95
135.761 157.934  156.93
133.697 135.502 162.026
130.066 107.935 150.923
132.961 95.8773 126.863
134.943 64.9029 139.502
175.376 155.883 126.911
170.404 179.533 111.243
173.452  173.95 120.496
162.811 176.532 146.611
 139.14 172.415 162.913
162.467 142.971 114.356
159.719 155.344 112.913
 166.92 63.9419 132.366
145.909 60.7984 148.795
160.699 92.4212  104.35
138.203 74.7799 115.744
147.551 127.583  97.761
153.399 180.442 102.448
171.761 85.3874 154.683
181.265 115.321 145.914
147.859 89.1755 174.389
169.278 126.264 163.553
165.816 138.567 163.778
132.503 87.8604 162.269
132.954  183.02 102.334
 132.22 157.855 110.417
175.371 130.469 119.041
185.053 135.859 112.224
163.672 151.951 101.565
183.965 111.621 134.767
177.596 107.888 97.8024
186.275 115.232 107.642
164.848 178.958 116.121
 169.62 164.667 125.582
165.617 119.633 132.653
149.121 51.8217 117.178
161.943 150.827 84.0238
145.344 80.0104 126.249
160.984 127.752 159.398
138.546 109.712 163.576
154.849 166.738   109.7
167.069 135.922 109.792
160.222 154.474 126.047
165.333 120.741 94.7338
154.786 68.5786 112.629
164.671 169.652 137.612
152.404 186.457 139.261
149.667 163.729 164.589
172.511 103.273 154.178
155.746    90.2 160.308
 160.93 60.9305 124.044
153.579 68.4369 141.941
170.131 77.4185 127.736
169.819 93.8236 109.216
155.353 100.186 109.088
165.521 186.493 119.037
139.517 167.144 104.297
152.821  180.43 104.828
 142.38 83.4667  144.07
130.957 128.174 139.384
160.751 115.357 159.452
168.371 151.116 143.617
154.316 139.327 167.069
134.041 187.604 110.089
 134.01 97.3285 155.113
180.451 109.287 104.376
174.784 102.469 125.916
178.654 123.801 122.867
148.641 84.5324 87.0116