101.078 199.147  108.32
86.5901 67.6111 117.493
119.341 113.329 182.241
70.9987 135.227 128.401
108.508 206.928 116.506
118.211 179.132  124.88
119.126 155.957  149.32
119.255 130.007 155.368
123.128 107.018 148.705
117.502 99.1908 128.332
 120.88 70.0142 140.426
74.8979  156.41 126.389
 78.016 172.122 109.383
75.7036 173.037 120.549
88.8521 177.542 146.486
117.213 171.934 154.722
88.9138 138.927 116.361
89.1322 154.193 112.814
91.4068 64.1716 138.377
112.747 59.1663 147.887
89.4848 92.4905  106.49
115.806 74.7486 119.193
102.536 127.122  95.486
96.9506 175.192 100.759
84.0604 86.0319 158.936
71.8492 112.647 148.277
108.954 87.8999 175.339
82.6669 123.467 167.802
84.7846 139.099 161.312
121.382 88.9873 157.161
119.788  179.84 101.983
112.626 149.063  109.15
76.9786 129.974 122.658
67.6758 136.813 112.459
86.9792 150.343 98.8587
70.2256 110.984 135.752
72.7741 107.611  100.75
 65.878 111.585 112.462
82.9138 175.246 114.982
 80.232 163.056 124.993
86.3171 113.303 136.418
 106.24 53.0064 118.526
91.0338 147.741 83.7031
109.279 79.8057 127.963
89.8966 126.923 159.666
115.935 110.621 163.817
94.1941 164.928 109.776
85.9803 134.103  112.46
90.5783 151.606 127.064
84.9494  121.72 98.8249
99.7236 69.9831 112.376
86.8245 172.165 134.942
 99.519 192.144 133.453
103.973 170.217 154.848
 73.475 99.2792 150.963
100.067 92.9968 161.177
97.9473 63.2869 131.952
100.897 70.4372  145.64
84.7414 77.2329 127.327
82.5004 95.4987 111.728
100.002 95.9096 110.887
83.6601 183.904 109.373
111.839 166.532 103.248
99.9067 179.092 104.298
110.314 80.2965 142.689
123.446 134.112   137.1
88.0963 114.687 161.289
83.5429 153.677  147.41
98.5714 136.762 163.684
117.175 179.961 110.718
117.603 98.6529 153.326
73.6568 109.298 108.612
76.6917 104.524 127.655
73.7957 122.618 122.817
100.905 82.3575 90.0999
   -nan    -nan    -nan
108.969 151.507 127.474
99.4194 144.289 118.401
104.364 137.962 118.654
101.472 121.581 108.606
102.503 136.923 103.226
116.716 154.975 114.004
   -nan    -nan    -nan
144.182 152.309 126.305
153.937 144.274  118.21
149.145 138.293 118.991
152.802 121.226 110.605
151.589 138.343 103.697
138.101 154.583 113.159
146.691 201.775 107.726
166.253 62.4208 113.439
132.143 116.531 181.375
184.041 136.452  127.57
142.328 206.452 119.902
134.605 178.864 126.726
135.948 152.719  151.94
134.881 129.937 156.279
131.142 106.867 146.319
 138.28 95.8854 125.951
130.448 66.5623 133.234
177.242 157.103 121.838
175.652  179.15 107.098
177.976 174.311  120.32
  164.6 178.638 145.872
136.899 173.517 154.807
164.798 140.024 115.722
163.014 155.032 113.764
161.205  61.486 136.138
 137.39 59.5631   148.3
 163.37 84.8063 107.187
137.616 73.9981 114.409
149.712 130.979 96.4706
154.006 178.898 102.896
168.866 82.2546 154.647
 184.66 111.518 146.782
142.566 89.9314 177.411
172.796 122.818  165.06
172.298 138.857 158.927
132.031 90.1637 158.593
131.091 176.783 101.527
 132.79 152.366 112.073
177.438 127.731 123.123
188.058 135.754 113.977
165.069 148.928 101.392
187.537 111.499 134.844
181.756 105.698 103.364
 190.22 111.835 112.832
167.864 173.068 115.613
173.407 165.371 123.902
167.844 116.768 134.029
139.176 50.9071 119.072
163.459 150.825 85.8506
146.453 80.6514 126.202
166.385 127.009 156.598
136.192 112.063 163.667
157.483  166.13 112.151
167.935 133.263  112.29
162.927 152.675 126.472
168.538 118.061 102.309
148.531 62.2457  107.42
168.183 169.036 136.385
156.148  187.27 135.507
149.518  165.05 157.958
175.299 96.7667 150.822
153.098 91.3214  161.97
157.634 60.2802 127.034
148.639 66.5365 140.896
168.895 74.1335 128.567
172.498 89.1518 112.084
154.824 97.1702 110.418
171.395 189.001 115.217
140.713 159.878 106.001
152.884 181.666 105.942
140.909 79.6355  141.66
132.785 129.976 136.013
167.054 112.573 159.885
173.846 152.967 140.694
157.824 138.378 161.761
132.073     185 107.496
134.224 97.9343 152.528
184.295 107.971 109.574
175.996 102.007 126.648
181.649 121.862 124.892
152.927 82.4385 91.8512