101.138 196.474 110.439
83.0246  73.707 113.451
121.559 115.683 184.937
72.5792 137.401 134.515
110.024 202.725 118.173
119.577 179.054  126.77
120.496  158.58 155.049
121.562  134.93 160.395
124.712 109.582 151.892
120.062 98.8314 128.312
123.672 72.8658  141.57
81.3114  155.42 131.864
81.7941 167.055  112.95
77.5316 171.103 125.145
92.8032 177.282 148.051
118.091 172.488  158.12
90.6851 138.742 115.511
90.3153 150.478 116.941
87.9734 70.8205 135.112
112.847      69 152.064
90.9777 93.7474 106.681
117.363 80.6556 119.114
103.491 126.711 96.9775
97.2313  172.85 102.221
84.7572 88.5704 161.521
72.0744 114.325 151.758
105.306 95.7143 176.557
84.6699 126.641 170.164
88.7652 139.756 167.033
122.224 94.5246 161.352
121.024 174.854 99.0677
115.622 148.222 111.758
81.6042 131.103 125.131
70.4624  138.54 112.216
88.3531 149.819 97.0438
72.8265 112.439 139.565
72.2236 109.367 98.7272
66.0477 109.713 112.458
85.6579 173.041  120.44
85.2658 161.032 129.886
87.8381  113.87 140.306
110.999 59.2904 120.583
 95.142 141.959 82.5109
110.373 84.8348  128.57
91.8401 129.093 162.948
119.943 114.327 166.552
96.4062 161.943 113.184
86.3393   133.8 113.813
92.6428 147.852 132.302
84.4902 121.229  98.527
100.743  73.879 115.193
87.5247 171.322 139.008
100.074 189.666 135.222
104.997 170.027 160.197
73.5536 101.007 156.253
98.0622 97.7606 164.489
95.8676 68.2124 127.519
100.071 76.9233  145.81
84.7864 86.7415 128.027
80.5695 98.9923 107.082
98.7436 96.4243 112.331
 86.128 182.284 117.976
113.819 158.948 103.601
101.837 176.645 104.641
112.951 87.5518 147.564
123.512 123.093 140.271
90.1448 116.932 165.793
84.5696 150.283 149.225
97.7796 142.292 169.525
119.624   177.8 107.204
118.879 103.523 156.376
73.8631 109.238 108.268
73.4289 110.538 125.148
78.5574 123.109 125.503
 103.16 82.5332  93.102
   -nan    -nan    -nan
109.728  151.66 130.893
100.492 142.471 121.108
106.095 138.074 120.053
 99.058 121.912 107.701
101.353 135.661 103.531
 116.95  154.57 113.907
   -nan    -nan    -nan
142.812 152.946 129.457
153.897 144.588 120.469
148.833 139.975 120.511
155.294 122.553 108.897
152.024 137.802 103.314
136.634 154.539 113.636
148.323 198.014 108.185
 165.79 73.8856  117.13
132.765 115.923 184.145
181.962 141.747 130.303
 143.44 202.737 122.423
134.069 179.575 127.479
133.739 155.725 157.101
133.808 134.461 161.505
130.075 112.926  152.95
135.355 100.517 130.289
133.579  78.997 144.969
 173.52 158.347 128.319
171.236 169.658 114.118
175.743 173.828  126.35
164.578 176.338 145.927
136.142 172.566 158.502
165.169 139.992 116.842
162.586  152.87 115.793
168.695 75.2496 137.417
148.092 73.7474  156.19
161.267  93.073 106.853
137.831 86.1561 121.674
150.005 128.202 95.9109
154.591 175.144 102.262
177.315 97.4319 158.637
184.695 121.666 149.357
149.318 97.8316 178.194
170.594 130.301 167.681
170.226 144.111  160.51
133.616 91.2653 164.743
130.803 171.045 98.7404
132.915 152.727 111.938
175.233 132.934 125.378
182.137 143.159 112.166
163.317 149.658 99.4953
185.528 119.441  138.69
182.202 110.339 100.902
187.979 120.328 111.965
166.289 171.964 119.899
171.208 165.478 128.389
167.335 122.702 137.971
144.517 63.3196 129.674
158.876 148.104 84.2544
144.386 89.9517 130.285
162.996 131.269 161.273
137.329 114.733 164.314
156.857 163.188 112.548
 167.57 135.295 113.087
161.172 152.261 129.882
168.849 120.192 97.4194
152.877 76.5994 119.971
166.001  172.09 138.786
154.427 188.398 137.292
150.446 164.688 160.443
180.324 110.769 155.081
159.809 101.733 164.035
163.031 73.1177 132.753
157.078 81.1487 146.802
171.542 89.2136 124.711
175.255 91.9723 108.666
156.761  104.36 109.666
168.242 182.289 118.261
139.196  160.76 103.711
 150.52 177.756 104.553
144.858 91.8665 149.377
131.992 130.033 141.858
165.361  120.75 165.723
172.975 155.042  143.67
154.106  142.64  167.56
132.183 178.977 105.015
133.174 103.055 158.529
180.867 113.783 110.052
176.895 108.877 131.344
177.611  127.85 125.793
150.569 82.7691   94.22