102.31 202.935 109.105
88.6867 67.0348 100.504
120.802 107.967 178.165
70.7566 134.999 134.508
108.902 208.371 116.469
119.317 185.163 122.214
120.272 161.235 152.954
118.801 131.785 161.459
124.128 104.995 151.383
121.942 95.1487 125.051
125.925 66.4488 124.904
77.5907 160.402 121.705
81.2414 173.134 110.02
76.5582 183.581 121.852
90.2124 178.871 148.327
118.264 171.371 158.766
88.1545 139.501 118.444
89.6721 155.268 111.884
91.0044 62.5215 118.68
120.689 56.1767 134.62
90.9757 95.5539 98.4806
119.432 68.9296 103.258
102.86 127.271 92.863
97.2003 178.483 100.117
84.995 74.3274 144.988
68.5009 107.794 144.921
102.799 82.5947 167.421
86.3714 117.633 171.681
87.2375 137.556 164.691
121.01 84.6554 159.962
122.158 178.492 96.1176
114.837 152.013 105.769
76.3469 127.315 125.24
67.8668 135.292 112.798
85.5054 151.084 99.6455
67.8761 108.088 130.516
73.2921 112.829 92.0972
65.6511 118.783 105.417
83.3559 177.556 114.892
81.3089 173.866 121.484
84.11 112.845 136.285
118.523 47.7259 106.949
91.0154 150.51 81.9455
116.956 77.7938 118.021
91.996 124.291 163.833
114.57 103.941 162.55
96.5768 166.588 107.977
86.013 132.938 113.909
89.6094 152.84 127.743
86.9232 125.826 90.7825
101.685 67.2587 102.681
85.6381 174.923 134.753
97.4839 189.792 136.054
105.029 172.267 158.367
72.6901 91.1637 146.746
97.4177 80.9537 152.967
98.02 60.9565 115.138
105.308 61.2069 130.366
76.4747 82.2788 113.115
81.1567 98.9504 101.557
102.051 92.7772 105.165
86.9866 191.546 114.067
113.522 166.924 99.0893
100.925 183.193 103.147
116.577 78.1687 137.494
123.249 114.622 125.772
85.2854 107.045 162.666
81.1287 155.531 142.662
100.69 138.794 170.49
119.918 184.775 104.767
120.276 93.4143 154.011
72.4192 116.044 99.045
74.3456 105.216 119.634
75.1299 121.441 122.305
102.336 84.2156 84.0316
-nan -nan -nan
105.952 151.502 128.853
98.5622 145.247 118.339
103.395 139.45 116.442
100.444 121.413 105.094
100.988 138.738 100.503
117.093 156.082 109.597
-nan -nan -nan
147.803 150.374 128.676
154.72 143.491 120.795
150.657 138.128 117.506
156.461 119.486 105.058
153.937 136.866 101.248
137.774 154.985 109.895
149.277 200.303 103.616
166.645 68.3158 105.267
130.555 108.785 178.831
182.04 132.723 133.045
144.176 205.392 115.148
134.346 183.683 125.477
132.758 158.409 157.832
132.97 132.881 164.892
129.215 110.147 156.595
134.901 95.6315 126.05
134.149 68.0723 136.982
177.33 153.798 126.317
172.852 183.161 111.683
176.721 172.96 119.555
163.838 175.666 147.718
134.877 169.308 160.997
164.112 138.892 113.945
163.711 152.967 115.154
170.693 67.8293 128.227
145.414 60.5461 145.784
160.223 94.664 98.2301
136.962 80.1943 114.368
152.964 125.682 93.5216
155.445 176.004 100.614
180.49 88.2334 150.55
183.505 115.795 150.577
148.039 86.2966 173.569
167.853 120.906 172.779
166.563 137.11 167.896
131.8 85.0338 160.301
131.807 177.36 96.0849
133.134 153.858 107.727
178.125 128.105 121.812
185.233 135.732 111.127
164.773 147.088 101.376
185.786 115.194 135.111
180.911 102.019 96.56
188.499 113.515 108.023
166.932 179.331 115.128
170.874 164.499 124.644
169.364 116.252 137.729
147.718 56.9406 112.004
165.787 147.723 84.3138
145.004 79.4517 122.883
160.968 124.541 166.434
136.773 104.621 164.51
156.313 165.901 110.965
168.058 129.998 113.082
163.604 153.331 128.686
169.863 116.928 91.796
154.58 72.7746 111.011
167.635 172.413 136.538
155.921 189.325 135.708
148.237 170.356 157.913
181.078 102.328 157.624
160.752 84.5623 160.919
163.318 66.7592 124.473
157.394 67.9758 142.145
174.303 81.6863 118.572
174.16 95.5815 97.2154
156.792 100.298 104.081
170.075 189.476 116.651
140.644 164.501 100.822
152.809 181.382 102.775
142.029 78.3579 140.9
132.337 146.222 133.715
161.875 108.67 167.533
172.29 152.338 144.322
151.041 135.744 176.596
132.945 178.468 101.397
131.293 95.4905 154.818
183.789 107.069 102.578
182.681 104.124 124.767
180.332 121.181 121.494
150.149 82.2849 84.7286
