105.756 201.948 108.155
96.4043 61.3101 113.841
120.489 114.651 185.351
79.1276 129.238 140.155
111.794 209.249 117.079
121.483 181.706 125.165
120.711 158.955 153.105
121.173 132.016 158.509
123.256 107.437 150.988
121.269 92.1014 131.946
125.016 60.5922 139.535
82.2618 148.132 128.299
85.4584 170.198 113.627
82.8285 171.62 126.13
95.4266 175.721 147.995
119.327 173.736 158.808
93.8045 135.767 121.419
94.0417 152.181 117.833
98.2414 55.6901 135.877
119.663 54.1914 150.17
99.2167 88.0762 108.525
119.834 71.9402 116.181
102.076 125.56 99.3443
100.326 178.043 101.632
95.5387 76.3627 162.855
78.212 103.426 147.746
110.43 87.7191 176.959
86.9019 119.752 168.723
89.3692 136.511 166.673
122.236 90.8694 163.115
122.511 179.588 97.5813
118.501 152.105 110.053
86.021 121 132.236
73.2568 125.285 122.299
89.3976 150.902 104.668
76.1325 100.57 137.675
78.7033 106.312 104.358
72.553 105.975 117.332
90.3181 173.216 120.547
87.6991 159.283 129.034
94.046 107.235 139.984
117.597 47.1376 118.813
91.1663 151.447 87.9128
115.751 73.9567 127.84
95.1858 125.308 164.66
116.87 112.517 166.889
99.4154 164.804 111.227
90.6709 129.857 119.173
98.0643 147.885 131.646
87.5067 124.041 102.663
108.522 62.8169 118.163
90.8797 165.544 139.461
104.611 188.7 136.708
106.87 163.433 164.342
84.9458 89.8768 161.887
103.555 88.4552 159.92
102.947 56.6875 134.346
110.222 60.5646 149.178
94.8967 72.3486 130.382
88.6429 88.8249 113.762
102.39 94.2098 115.69
90.5312 184.263 114.501
114.825 165.386 101.676
104.216 181.378 103.143
118.314 78.2949 146.007
122.227 120.207 139.655
90.061 107.027 165.762
89.008 145.429 145.732
100.994 137.6 174.039
120.699 180.996 104.843
116.867 101.021 157.957
79.164 102.863 110.285
83.0889 98.3201 131.695
83.1045 113.373 132.552
103.964 87.9715 90.1765
-nan -nan -nan
115.36 152.695 127.709
104.296 143.993 120.265
108.706 137.695 120.497
103.067 121.953 110.92
104.268 138.463 105.516
118.825 155.239 112.795
-nan -nan -nan
140.062 155.385 127.272
150.804 147.076 117.942
145.924 140.646 119.538
150.298 123.574 110.836
149.599 141.034 104.151
136.72 157.99 112.744
147.7 203.793 102.94
164.795 66.9726 119.417
131.784 118.939 186.591
174.749 136.685 135.676
143.6 211.077 116.661
134.796 184.989 123.42
133.341 159.332 153.202
132.478 132.326 160.676
129.64 109.979 151.629
132.226 98.3589 132.95
132.42 72.2455 144.54
172.527 154.986 126.398
171.834 179.515 110.834
173.762 174.552 122.956
162.324 179.386 144.439
136.234 174.891 160.104
160.794 141.577 118.097
159.826 157.304 114.095
159.926 64.3889 142.256
137.778 58.7143 154.875
154.181 91.9485 108.776
134.675 78.5842 118.928
149.659 131.643 96.3467
154.54 179.983 100.842
167.122 85.8662 156.759
176.988 114.705 146.145
144.435 91.2123 180.854
163.157 126.092 170.685
164.758 140.814 163.749
132.25 90.3601 164.139
132.388 178.84 98.6078
134.406 154.766 109.86
169.667 128.795 129.848
181.401 136.029 117.207
163.869 153.146 101.831
180.003 112.466 135.24
173.693 111.281 100.653
181.176 110.649 113.319
165.763 178.082 117.562
170.095 165.455 125.008
159.888 118.796 137.515
145.186 54.352 123.161
161.82 154.276 86.1114
139.076 85.2223 131.01
157.139 128.338 163.59
136.422 111.575 165.896
154.798 167.79 110.763
164.557 135.67 115.268
157.765 155.04 127.791
162.684 124.66 101.108
148.437 68.6198 118.38
165.447 171.657 136.973
152.574 192.812 132.905
148.761 167.825 158.276
168.282 103.609 152.255
153.03 94.214 163.835
154.369 64.4885 138.166
144.846 66.9315 155.537
165.965 80.5092 127.209
163.335 91.1974 110.688
149.876 96.7705 114.997
167.078 190.148 114.951
140.192 166.409 101.925
151.154 182.717 103.623
141.149 83.3073 150.524
131.454 134.889 140.288
161.602 114.563 168.687
166.768 154.153 140.075
151.368 140.288 168.338
132.991 185.642 103.181
132.26 101.004 159.392
174.56 111.556 107.697
169.813 105.647 128.464
172.057 123.213 130.53
147.552 86.6827 90.5429
