106.882 199.981 107.955
88.7149 62.5423 108.209
 118.83 110.975 180.688
73.5522 136.632 130.937
112.031 208.003 114.027
119.349 186.008 125.999
120.746 162.589 152.771
122.033 136.043 160.047
123.274 105.474 150.034
120.341 96.1193 126.389
121.714 59.4153 140.008
79.6288 159.358 128.479
83.9176 180.553  110.21
 80.978 177.486 120.474
95.0483 182.111 147.938
118.829 175.919 159.794
91.0319 140.618 116.393
92.3774 157.067 113.353
90.3975 57.8687 128.587
110.412 54.9939 145.736
89.3386   90.86 102.864
 115.82 70.5393 115.169
105.251 126.173 97.5197
99.3132 180.289 102.069
86.0887  78.177 152.297
74.3615 109.982 145.936
110.372 83.8197 171.733
87.5957 122.954 166.565
90.7621 140.233 165.395
121.444  89.209 158.212
121.419  180.47 101.502
112.466 152.399 108.496
80.2552 131.607 120.485
69.7777 135.499 111.884
87.7623 150.977 98.2391
72.0522 109.307  132.33
 76.503 105.632 98.9521
68.0413 111.496 108.878
89.8936 182.709 114.968
86.1084 166.899 125.833
88.3986 114.758  132.89
111.682 47.0855 113.681
88.3633 144.606 83.6453
 110.15 73.5935 124.897
93.2182  128.32 159.548
115.956 112.795 163.379
96.9493 168.434 110.444
 88.077 134.622 112.014
93.4542 154.294 128.081
90.7269 118.754 95.0875
98.3462 64.1213 111.163
89.6593 175.441 136.556
103.393 192.658 135.147
107.683 173.569 159.136
81.2068 94.3759 150.541
100.915 87.8006 158.858
95.7893 57.3667 122.854
99.8457 63.8995 137.842
85.1476 72.7907 122.123
83.9211 92.5606 109.758
99.8043  92.133  108.05
90.5541 193.169 118.186
112.793 166.329 102.085
100.639 182.717 104.771
112.537 79.2671 137.688
122.016 108.728 138.733
92.1719 113.372 157.613
86.4327 152.129 147.152
103.268 142.856 168.954
117.984 183.476 109.088
 118.16 97.9032 154.224
76.9113 103.329 107.551
78.2241 102.978 124.444
76.8886 122.791 119.736
105.114 83.5811 87.4921
   -nan    -nan    -nan
108.859 153.288 130.464
100.807 145.402 120.189
105.592 141.311 117.106
100.216 125.483 104.724
100.222 140.224 102.083
116.528 160.343 111.535
   -nan    -nan    -nan
142.975 153.938 128.476
151.868 146.503 118.935
147.486 142.284 117.444
153.553 124.504 106.824
 151.71 142.141 101.821
135.903  160.34  111.24
148.246 201.308 108.632
170.159 70.0131  108.78
132.733 114.062 180.921
179.336 137.265 129.229
145.135 204.951 123.695
135.803     185 128.526
135.435 159.375 155.719
133.339  135.83 161.347
129.943 108.758 150.953
132.701 96.3838 127.088
134.744 63.8092 140.895
174.952 156.995 127.348
170.182 181.844 111.989
173.753 173.443 120.032
 161.88  176.48 145.918
138.898 174.676 161.305
162.884 143.346 113.717
159.979  155.58 113.379
167.663 64.2844 132.861
 144.72 59.8052 148.372
160.987 94.8747  103.99
138.045 75.2797 116.539
147.937 130.497 97.7384
155.316 181.227 102.736
170.153 85.1324 155.095
180.313 115.843 146.276
145.392 87.6567 173.709
168.109 128.265  161.66
164.956 140.331 162.955
131.975 89.1839 160.849
133.281 182.546  101.09
134.271 156.291 109.931
175.308 130.906 119.096
186.089 135.791 112.569
166.971 151.329 100.202
183.731 112.952 134.445
178.773 106.544 99.2517
 187.61 115.043  108.54
163.418 179.464 116.593
168.971 165.471 124.916
164.917   120.6 132.324
149.598 51.7694 117.765
163.154 150.209 84.3487
145.102 79.9366 126.778
159.325 129.105 158.534
137.422 111.069 162.876
155.199 167.426  110.47
167.334 135.763 109.939
159.883 154.768 126.116
167.049 120.986  95.345
155.552 68.5401 113.229
164.225 171.376  135.67
151.788 186.066 136.887
148.942 164.969 162.952
170.531 104.243 153.705
153.317 91.4532 161.315
161.167 61.0191  124.94
153.388 67.2478 141.968
170.496 77.5663 128.809
170.093  93.665 110.064
155.271 100.061 109.631
165.728 186.163  120.15
140.392 166.409  104.13
152.745 180.705 104.123
141.581 84.3073 143.303
130.818 130.771  139.75
158.387 115.835 159.626
167.428 151.465 142.649
152.135 139.601 166.439
134.116 186.868 107.393
133.784 99.6764 153.419
181.373 107.429 105.886
174.799 103.317 126.037
178.378 124.651 122.732
148.433 84.1315 87.8073