104.514 200.171 113.229
89.9764 66.6052 111.504
119.285 116.762 180.691
70.0282 135.613 133.645
112.405 205.718 122.258
119.349 178.981 127.268
117.897 154.948 152.357
118.67 130.669 156.122
122.617 108.078 150.622
117.172 95.563 128.187
121.561 66.8159 141.056
77.1495 158.765 128.863
84.2074 169.175 110.951
79.6297 176.978 125.661
94.763 176.265 150.881
117.411 168.85 158.468
89.7594 137.721 116.587
90.7128 153.243 113.679
90.0228 65.0347 132.778
109.816 61.4088 148.822
92.3368 89.4509 104.108
118.449 74.1671 116.195
104.312 126.538 95.751
97.6771 176.08 103.779
79.7933 84.907 154.58
68.9506 111.162 146.196
104.29 90.3472 173.091
80.6289 126.029 167.47
86.098 139.014 164.333
120.834 91.1543 159.382
122.151 177.468 102.018
117.568 151.117 111.079
78.4392 127.81 123.549
71.7798 138.683 111.216
87.1026 151.221 101.373
71.1749 107.994 132.788
76.4963 100.594 98.6565
69.6103 114.317 107.374
87.2994 173.255 118.35
82.5219 166.702 126.671
84.6748 112.709 135.29
111.498 53.411 114.835
90.95 146.049 84.1346
112.262 76.7033 125.56
89.2054 127.127 159.832
112.626 108.685 163.188
96.8722 164.196 111.173
88.1364 132.726 112.023
90.9346 148.434 128.552
87.7095 115.004 97.7404
103.23 70.3586 111.315
89.6796 170.5 140.288
100.417 186.344 136.98
104.644 163.825 158.775
69.5238 94.631 148.577
96.5558 92.1615 159.661
95.4421 64.4839 126.529
100.558 69.3588 140.483
88.7875 77.4835 125.797
80.9417 87.6131 106.08
100.657 98.9026 107.077
85.2072 185.007 117.391
111.992 161.273 104.591
102.607 182.697 106.899
109.951 78.8398 144.329
122.996 116.395 135.797
86.3842 113.384 160.369
86.1508 148.981 147.606
98.7721 137.119 166.983
119.662 183.51 110.85
118.002 98.4675 154.819
76.3637 104.672 104.628
73.5288 107.585 120.657
75.4026 122.918 119.024
105.74 84.6025 90.1939
-nan -nan -nan
107.852 151.743 127.611
100.264 143.337 118.497
105.052 138.979 117.092
99.0316 123.107 105.425
100.004 138.209 102.831
115.624 156.507 113.334
-nan -nan -nan
145.212 152.693 127.108
153.742 145.148 118.009
148.801 141.153 116.929
153.911 123.553 105.597
151.249 140.38 100.356
136.126 156.105 111.816
145.963 202.857 110.051
161.968 70.8562 106.009
133.331 118.107 181.971
180.98 140.799 133.388
143.873 206.727 123.727
135.343 180.617 126.338
135.586 157.02 152.571
133.203 132.129 159.535
130.637 108.775 147.626
138.334 100.258 127.498
134.286 68.8268 144.028
173.854 157.323 122.403
171.124 180.823 108.032
175.959 173.54 117.81
163.142 179.543 147.867
137.053 176.349 154.824
161.136 144.616 113.409
162.099 156.727 111.833
166.578 69.2143 125.974
148.591 66.0249 151.454
160.777 95.4799 102.104
134.824 81.8441 121.519
148.115 124.51 96.0162
152.136 181.378 103.709
176.278 90.293 153.816
183.586 119.443 149.828
148.802 93.6 173.432
170.553 129.948 168.953
170.058 145.799 160.934
133.806 92.1699 158.838
130.969 179.751 102.266
130.879 155.114 110.593
173.857 138.046 120.71
181.685 144.205 112.085
159.161 153.231 98.1125
185.708 123.834 135.441
177.816 113.177 95.1414
184.594 124.107 106.421
165.87 177.1 114.07
172.303 168.652 121.204
168.173 123.184 135.393
142.73 57.6477 117.546
156.692 148.618 82.4761
146.127 87.1299 126.869
162.663 131.523 160.093
137.337 114.383 163.479
155.108 166.858 110.25
165.335 138.712 109.785
162.617 154.768 125.43
167.008 119.371 93.7663
147.049 73.9924 115.981
167.97 173.928 136.777
156.15 190.412 136.862
149.974 165.733 160.507
178.087 108 160.747
161.373 95.0639 159.143
160.264 64.6355 119.049
155.837 71.8902 136.821
170.534 82.0789 119.451
171.899 95.3625 105.139
151.614 99.8552 107.707
167.823 187.58 116.938
138.811 162.074 104.96
150.902 182.669 106.906
145.959 83.2897 143.627
131.768 135.221 136.737
160.779 115.898 162.684
168.55 157.859 143.541
155.954 144.131 164.862
130.702 179.685 108.227
134.744 101.845 154.056
178.76 114.809 104.415
176.828 109.436 124.905
177.692 130.683 122.46
147.842 84.9397 89.0813
