105.757 193.032 108.816
  93.83 69.7669 108.946
120.897 120.554 183.986
75.5123 136.442  132.48
110.868  201.64 116.842
119.643 176.933 125.719
120.863 155.428 151.094
121.131 132.989 157.008
123.972 110.312 151.207
119.727 100.504 128.737
121.628 75.6294 137.967
81.3354 156.752 127.097
82.9767 172.628 111.668
79.8942 172.433 122.851
95.4049 177.002  144.48
118.594 169.496 156.996
92.3889 137.796 118.166
94.2465 150.704 115.356
90.0883 68.8645 127.657
109.145 68.5703 145.188
91.4004 96.4254 102.391
116.947 80.2963 114.637
105.834 126.375 97.4676
100.707   172.8 103.317
84.7497 88.1005 154.228
73.9918 115.851 147.751
105.165 93.1776 173.144
87.3776 129.189 171.702
89.3317 143.963 164.877
121.023 94.5041 162.746
121.376 175.604  102.41
119.409  148.83 112.361
81.1814 129.736 124.519
71.1787 137.208 112.516
88.2608 148.994 102.079
 69.697 113.865 135.546
76.7774 110.825 98.0863
 67.592 116.368 109.921
88.7988 173.245 114.879
83.5243 165.638 124.792
88.0043 115.743 137.128
114.214  56.497 125.322
95.6167 145.318 85.6258
111.749 84.7307 125.242
92.9455 131.587 162.614
114.877  113.78 166.652
98.6821 160.758 113.989
89.0268 132.632 115.414
95.2274 150.293 128.937
87.5954 120.739 96.2655
103.111 73.6388 113.288
92.4911 172.443 133.706
104.817 185.495 133.732
106.486 164.484 157.711
78.5409 102.053 148.248
 99.344 96.1705 158.582
98.0181 66.4163 122.584
98.3326  75.874  136.37
 81.003 83.8366 119.581
82.4086 96.1333 105.308
98.8648 99.6497 108.657
 88.084 184.874 115.981
113.628 161.479 105.153
101.557 173.183 105.453
111.428  86.725 143.122
123.274 123.472 140.296
90.3292 117.842 164.937
87.6362 152.616 144.163
101.641 141.941 166.955
118.226 178.096 109.975
118.572 103.486 155.366
75.1198 110.817 107.283
78.9756 110.014 123.382
76.5513 123.918 126.762
105.318 86.0444 89.6797
   -nan    -nan    -nan
113.839 149.727 128.798
102.555 141.217  120.41
107.214 136.703 119.975
100.737 121.125 108.582
103.447  135.74 104.622
117.498  152.42 115.061
   -nan    -nan    -nan
140.351  149.51 129.221
152.035 142.901 120.116
147.251 138.206 119.835
153.808 123.329 109.248
 150.02 138.844 103.934
134.938 153.109 115.293
148.581 196.737 108.535
162.561 73.1144 108.026
134.188 118.996 182.256
178.881 139.231 131.574
140.926 201.324 120.092
 132.84 177.534 127.908
132.851 154.544 154.283
133.558  130.96  157.35
130.215 109.491 150.827
135.221 101.745 127.697
132.437 72.9101 137.145
173.583 160.579 127.331
171.083 174.974 115.662
170.245 179.133 127.366
159.806 173.985 146.185
135.345 170.291 156.832
163.228 141.695 117.043
 158.86 152.483 114.026
165.729 73.1228 129.053
147.117 69.2773 146.676
159.367 99.7076 103.204
135.649 83.1831  116.64
148.485 131.814 96.5398
153.066 173.636 104.496
171.892 92.9011 153.108
182.121  119.73 146.529
146.237 94.4616 175.281
169.544 131.517 167.949
164.778 143.213 164.337
 131.79 93.0374 159.485
131.594 174.307 101.968
133.951   150.6 111.528
176.221 132.855 124.558
183.407 139.227 114.485
164.513 151.236 102.031
183.576 117.851 134.803
179.086 111.374 100.061
 186.88 121.037 109.988
164.662 174.514 119.729
167.924 168.614 127.234
165.585 121.991 135.196
141.194 60.2576 119.978
156.076 150.213 85.5868
142.864 87.2947 125.706
161.461 131.427 161.757
138.759 112.332 164.793
 155.11 162.648 113.757
166.579 135.964 114.991
159.275 153.102 127.202
167.306 127.494 97.5011
149.866 74.9367 113.341
160.497  170.23 136.662
149.513 183.985 133.929
 146.92 167.536 155.098
174.857 109.365 156.236
154.672 96.3328 159.137
156.767 69.1589 123.358
 155.26 75.8524 138.252
169.312 85.5467 122.555
169.308 97.6088 108.147
153.834 102.451 109.094
 164.51 182.645 114.717
138.462 163.413 106.182
150.868 175.922 107.522
142.463 87.7182 142.707
132.568 123.165 141.251
165.014 118.185 167.589
168.267 152.488 141.127
152.442 141.784 165.938
131.874  176.86 107.888
134.431 101.888 153.459
179.593 113.389 107.419
173.954 110.876 127.501
    179 128.767 125.858
151.235 87.0493  90.017