104.292 198.328 107.985
92.1545 72.0983 128.248
118.479 129.031   180.5
72.8428  138.72 133.306
111.445 204.074 111.942
120.492 181.769 124.364
120.037   164.5 149.721
120.035 140.665 156.912
124.199 117.608 155.525
121.708 103.027 136.159
 124.45  77.168 152.388
81.4862 155.585 125.328
84.9652 176.174 110.961
81.8693 174.994  119.93
 93.998 178.915 143.987
118.346 175.878 154.598
94.8558  143.25 118.624
95.2395 154.568 116.041
93.7672 72.5488  146.15
115.484 73.5119 163.201
93.1432 97.3998 116.292
115.304 80.3813 129.004
105.048 129.618 105.236
101.759 177.998 102.367
87.5738  90.891 161.979
75.2693 117.309 151.022
103.703 103.395 178.054
86.7948 130.981 167.816
87.0255 150.158 159.905
121.575 101.632 169.073
122.615 179.054   100.3
116.285 152.831 113.097
83.1195 129.118 130.285
73.6967 135.734 118.356
89.5577 148.808 105.828
73.6234 114.049 139.783
 78.586 106.503 113.128
71.6805 114.578 119.239
90.1415 176.495 115.468
85.2261 163.983 126.804
90.1287 117.927 141.513
114.361 57.6112 137.055
 93.587 144.041 91.0888
112.513 84.5348 138.631
  94.68  137.01 163.572
115.552 120.731 163.758
100.072 166.156 113.193
89.9892 135.022 117.747
94.3946 151.331 130.032
90.4923 120.102 106.876
103.134  74.523 131.062
88.3804 175.551 131.926
101.014 192.863 131.223
 105.28 175.244 151.745
77.7177 103.153 159.383
98.0628 101.913 164.145
100.357 70.8528 144.791
106.231 81.8796 154.045
88.7713 86.1954 136.722
 84.585  96.521 120.066
98.7123 103.844 121.049
89.9949 188.764 109.697
112.423 164.101 107.345
103.596 179.825 104.678
115.347 94.4093  151.76
123.263 133.361 142.093
 89.989 123.986 160.843
85.1257 155.386 141.455
99.3333 151.223 160.565
120.915 183.195 107.638
120.295 108.589 162.213
79.0115 108.241 118.981
78.1135 110.093 131.934
82.5038 123.182  127.22
107.434 82.7116  102.92
   -nan    -nan    -nan
112.043  155.34 128.374
104.101  144.04 124.951
107.887  140.29 122.519
101.993 124.142 114.992
102.509 137.734 108.753
 117.79 158.139 116.148
   -nan    -nan    -nan
139.297 155.852 128.031
149.661 147.591 123.169
 145.57 141.749 122.709
152.314 124.232 116.192
151.039 139.208 108.799
  135.5 158.728 115.944
 147.09 199.202 105.214
164.301 77.4524 124.172
131.693 123.726 178.815
178.362 141.074 132.176
143.709 202.626 116.929
132.814 182.202 124.467
132.677 159.506 152.009
133.145 138.962 157.766
129.273 115.403 154.031
132.866 102.612 135.927
132.989 81.7587 150.798
 171.92 159.593 125.626
169.767 179.824 112.559
172.428 176.399 122.923
159.207 178.537 143.944
135.324 173.805  156.35
161.164 143.172 118.874
160.167 155.151 117.142
168.891 77.8416 141.146
144.131 78.0896 165.286
159.231 94.7128 116.662
137.953 81.5713 129.082
149.391 129.024  104.88
154.177 178.491 103.492
177.575 97.7924  155.63
180.539 124.259 151.694
148.956 101.813 178.574
166.338 132.964 163.657
 166.53 145.537 160.327
132.162 100.489 168.675
132.468   180.1 99.0442
133.002 156.214 111.885
171.115 133.998 129.044
182.935 137.177 119.427
161.851 149.785 107.294
183.801 122.524 140.936
177.617 109.347 112.793
185.454 115.131 121.769
161.936 178.473 118.671
169.086 169.629  122.53
 163.27 123.444 140.983
151.104 64.8618 141.977
162.229 146.452 92.9683
142.932 88.8636 137.505
160.069 135.614 157.922
138.271 117.561 164.723
154.225 165.157  113.44
163.895 136.072 117.474
158.309 155.363 127.649
  165.7  118.62 107.285
151.477 76.4768     130
163.498 177.021  133.58
152.691 189.701 135.454
149.271 166.574 158.244
177.759  112.53 158.526
160.183 99.8472 164.516
160.881 76.8151 139.826
152.727 84.7744 155.639
172.248   87.68 130.138
172.022 96.1461 117.704
156.329 104.684 120.818
165.479 190.393 116.705
139.636 167.478 105.622
149.826 180.066 104.914
141.898 95.1502 152.397
129.962 131.695 142.018
161.351 122.079  164.08
169.224 157.087  139.57
154.559 147.257  162.54
132.707 180.656  104.45
 134.05 108.269 159.358
179.733 109.984  120.79
174.369 109.053 134.489
174.098 128.671 128.864
147.326 83.1645 102.727