102.393 198.445  110.46
97.2981 71.3623 115.669
121.053 115.789 180.422
71.8404  135.76  134.16
109.799 202.834 117.114
119.813  181.56 126.331
119.499 161.805 150.654
121.119 136.131 159.057
124.312  110.29 151.571
121.519 99.5859 129.111
121.465 75.1025 142.997
77.9452  154.66 128.109
83.6563 174.772  109.36
79.0403 170.537 121.579
91.9343 174.411 146.429
117.933 171.239 158.234
91.1982   139.8  116.19
90.2269 153.185 115.143
90.1961 72.2691  135.61
111.748 65.5656  148.17
96.4387 97.6877 106.909
118.766  80.074 120.105
101.949 128.956 96.6803
100.023 173.517 101.868
83.2062 90.0297 155.162
74.0422 114.507 150.479
104.522 90.3809 173.247
88.8308 122.558 172.847
88.6586 139.102 167.616
121.291 92.0318 162.461
120.909 174.368 100.443
 116.58 149.575 108.369
80.6362 131.107 127.123
 69.909 136.244 115.985
87.2855 151.846 101.292
71.1847 115.661 136.611
74.0701 112.222 103.649
68.9738 119.088 114.053
87.4021 171.955 114.515
82.1736 160.875 127.292
89.4115 117.128 137.032
112.466 57.4023 124.775
89.5214 147.384 85.6617
114.116 86.5304 128.849
92.5571  127.46 163.444
115.877 114.616 162.072
97.6301 162.798 110.885
87.7791 134.193  115.46
92.4553 148.571 129.268
85.0278  125.84 99.5263
107.463 74.2697 120.458
86.9759 168.934 134.521
99.3223  187.84 132.841
104.217 171.251 157.154
78.6213 99.0355  159.13
99.2757 94.3591 159.748
 99.805 68.7843 131.782
99.8213 75.7819 142.128
83.2829 85.6815 126.485
85.7211 98.0491 110.227
100.191 100.848 113.691
88.0261 185.787 113.078
114.314 166.009 99.8093
101.756  178.86 106.086
111.527 84.1127  145.58
124.027 126.763 137.986
90.0839 116.227 161.072
 85.262 149.154 147.971
 101.68  138.23  168.66
118.979 181.571 109.314
117.934  102.26 153.971
76.4918 108.068 109.947
78.4352  111.75  127.55
76.8174 127.053 126.338
106.274 87.9703 93.3508
   -nan    -nan    -nan
112.927 150.598 128.947
101.978 145.191 119.091
106.902 139.551 119.457
102.137 124.408 108.287
102.625 138.146 103.189
117.256  155.44 111.952
   -nan    -nan    -nan
140.608 151.434 128.374
 151.48 144.421 119.404
146.687 138.187 119.595
152.765 123.224 108.353
150.207 136.917 102.923
135.368 154.351 112.374
145.818 197.899 107.225
162.069 73.7328 116.497
133.408 115.826 180.351
181.417 135.694 138.117
143.281 202.074 120.668
134.556 180.508 127.155
133.386 158.247 153.426
132.899 134.948 160.584
129.426 110.957  150.35
131.749 98.3016 130.123
134.016 73.4291 147.367
174.841 152.917 131.083
170.223 175.177 115.407
173.481 168.642 124.457
159.843 173.338  150.05
136.271 167.882 162.338
163.615 138.725 117.675
162.552 150.841 115.402
166.685 74.6553 135.959
 149.17 67.2146 152.166
158.718 96.3677  106.59
134.855 83.0754 123.266
152.223 127.896 95.8926
154.514 174.275  103.75
173.908  91.585 153.248
177.962 115.432 153.965
145.075 90.8162 174.905
 166.72 121.891 172.701
164.156 136.717 168.273
132.925 91.6563 162.853
132.094 175.267 99.1831
132.611 151.313 108.243
 172.74 132.879 127.279
182.716 138.435 118.236
161.275 148.101 100.972
 181.92 120.959   138.5
180.772 112.811 103.352
185.628 120.691 114.176
165.504 169.872     121
170.249 158.833 129.378
163.905 120.136 137.934
141.917 60.1788 125.899
165.398 148.211 86.9903
140.838 88.4508 129.679
159.503 125.791 164.878
137.934 115.946 162.962
155.617 162.851 112.239
165.599 134.025   114.4
160.691 150.049 128.155
170.115 118.574 100.919
144.111 76.0222 120.994
  165.1 167.264 140.244
151.851 183.489 138.646
146.278 164.604 161.821
177.059 106.134 152.967
157.942 94.9328 164.701
159.861  68.206 126.598
156.475 75.5751 142.524
173.234 86.4313 122.107
173.996 97.5949 106.557
153.476 98.7092 114.138
163.239 183.063 117.354
140.045 159.622 102.574
150.942 176.827 106.304
144.146  84.841 145.409
130.186 132.725 136.668
160.663  112.55  167.83
167.567 147.098 148.089
151.725 138.453 170.297
133.152 180.034 105.838
135.136 101.805 154.835
178.445 114.843   111.1
175.191 106.593 130.112
175.237  128.32 128.837
146.917 88.2537 93.2835