100.691 200.767 111.467
88.7806 68.5612 120.132
119.01 121.288 182.624
74.8602 140.908 132.78
110.168 206.576 115.505
119.858 182.006 125.007
119.532 162.925 152.153
120.465 137.264 158.354
123.1 111.454 152.231
119.1 97.7712 132.771
121.114 69.8142 143.378
80.1766 161.055 126.88
82.6836 168.262 106.929
77.8866 175.27 121.3
93.0652 181.021 144.444
116.779 176.764 154.089
91.9693 140.915 117.818
90.7072 155.224 114.729
87.1177 71.2479 139.275
111.317 63.2191 150.114
95.7296 95.333 109.413
114.27 76.3124 124.35
104.329 125.615 99.5825
98.3096 176.234 100.706
85.3225 89.6808 156.234
76.2883 117.161 148.435
105.634 96.5274 174.095
86.436 132.834 165.647
88.1067 147.68 162.021
120.81 94.4709 164.265
120.562 179.87 99.6845
117.47 153.242 111.231
81.9352 131.645 127.28
71.9104 139.479 111.999
87.5088 148.975 100.015
74.2448 117.086 135.339
76.4508 107.497 101.256
67.3699 117.031 109.523
86.2711 171.06 112.87
82.503 168.376 127.8
90.0095 119.08 137.629
106.18 52.288 122.869
91.4155 142.304 85.1023
111.16 81.9759 133.271
93.943 135.363 160.4
116.095 116.621 164.234
97.3044 164.441 110.817
88.0905 134.991 114.931
93.3504 154.52 128.999
87.5951 121.836 98.0756
101.419 70.3303 123.095
88.8751 174.838 133.664
100.544 189.711 131.45
104.108 175.598 152.906
74.0486 101.924 148.011
97.7055 98.5949 159.693
91.2567 66.6208 135.389
100.42 73.8015 145.597
85.0913 87.691 128.429
87.3306 92.6704 115.186
99.803 97.5224 117.672
85.5237 184.178 111.656
112.322 162.997 102.907
100.457 181.227 104.302
114.401 83.1941 149.531
122.125 124.301 139.847
93.213 121.222 161.237
89.4384 156.967 146.153
102.044 143.723 166.907
119.62 181.721 106.146
116.397 103.155 157.399
75.2775 113.453 105.781
78.5571 109.961 125.974
78.9395 125.963 124.724
104.26 79.3696 95.491
-nan -nan -nan
110.687 157.528 126.902
100.803 147.885 119.957
106.022 142.235 120.031
100.663 122.755 110.316
101.227 136.7 105.419
116.616 157.813 112.985
-nan -nan -nan
143.739 156.891 127.671
153.082 148.62 119.485
148.495 142.138 120.794
154.842 122.058 111.621
153.716 136.312 105.907
135.888 157.176 112.594
149.787 197.625 106.443
169.609 70.683 121.79
134.304 122.745 185.498
178.491 139.66 135.491
143.979 206.082 115.679
134.945 183.414 121.522
134.225 162.112 152.374
133.603 139.493 159.992
129.875 113.178 151.922
134.542 98.5421 132.326
132.37 67.8729 141.931
176.047 161.564 128.483
169.405 170.437 111.502
174.681 177.287 123.311
162.214 181.675 145.212
136.869 178.872 153.378
163.771 141.997 118.499
161.973 154.617 114.935
167.772 69.2524 139.732
143.617 62.9407 152.074
160.864 94.4627 111.465
138.199 78.3463 124.949
151.633 124.817 99.7458
154.978 176.724 101.427
169.551 93.9121 157.167
174.329 121.783 152.372
144.208 97.1715 177.2
165.127 131.779 168.124
164.833 146.366 163.067
131.206 92.5946 161.769
130.571 175.824 98.2894
133.173 154.517 110.656
171.377 132.801 128.549
181.826 140.138 115.574
165.845 147.296 103.296
178.703 121.349 139.698
182.163 106.09 107.324
186.804 121.012 114.281
165.227 171.078 121.445
171.698 169.967 128.038
162.541 123.748 139.272
145.96 52.3523 125.76
164.266 142.385 86.6599
143.115 83.6961 133.24
158.554 134.45 161.762
135.429 117.238 167.532
157.427 165.828 110.774
166.82 134.534 116.481
162.994 155.748 127.984
169.201 118.407 100.962
152.91 69.3299 124.833
162.354 177.04 137.095
155.006 194.101 132.007
148.436 173.207 154.575
170.558 107.938 157.952
152.47 93.8637 164.63
160.706 65.983 132.701
153.965 69.9159 144.957
173.812 88.5963 129.129
171.143 93.4717 115.969
157.319 99.4211 117.637
168.506 182.843 116.092
139.503 163.477 102.589
149.663 177.453 103.631
140.41 83.9144 149.427
131.462 130.576 142.353
158.32 120.433 163.494
166.373 160.112 143.83
151.848 144.691 169.018
132.416 179.53 103.866
134.388 104.506 155.848
181.742 114.592 111.191
174.861 108.038 131.344
176.393 127.356 127.485
152.691 80.1416 96.5228
