103.134 197.297 115.411
90.6572 70.7282 107.431
119.38 109.629 178.328
70.009 133.143 138.209
112.179 202.715 122.012
118.911 177.833 129.431
119.068 152.398 152.068
119.144 125.697 152.596
121.731 104.686 143.281
115.822 100.013 124.306
119.845 66.0643 136.061
76.5072 152.237 131.004
79.3425 175.138 112.924
76.5963 169.614 124.98
93.5993 174.405 152.841
119.317 166.255 159.369
87.789 136.357 120.969
90.239 152.271 118.091
82.4845 67.1648 120.937
107.738 56.3977 136.496
92.9819 99.3122 102.475
116.729 81.0952 116.437
102.589 130.136 97.0907
97.0987 176.531 105.947
77.3008 82.5569 147.695
74.5265 109.804 153.585
106.524 79.7031 166.071
86.5886 118.357 171.068
89.4594 135.342 167.798
120.615 85.2093 148.897
121.45 176.72 103.576
113.607 149.306 112.941
76.7503 126.222 130.831
70.0679 140.323 115.592
86.0156 153.207 102.774
72.8664 111.204 140.376
73.9476 116.949 94.393
63.386 126.824 107.773
85.33 175.219 117.071
83.4873 159.571 127.538
87.7389 109.957 140.301
116.717 53.4617 111.16
91.8334 148.925 84.2813
106.5 83.2342 123.51
91.8042 124.635 161.682
114.581 104.92 157.993
96.9786 164.145 115.037
84.9917 132.908 117.183
92.4425 148.222 131.95
87.1738 125.838 94.1858
107.624 69.6939 111.891
86.2637 167.824 140.55
99.135 185.296 136.353
106.14 161.052 161.615
73.2935 97.6766 149.546
95.167 83.6166 153.711
90.4082 64.9863 118.45
96.1791 65.1412 130.882
76.3037 88.6994 115.922
80.0959 103.306 103.791
98.8063 97.4567 109.542
78.8636 186.589 122.339
112.485 160.967 106.501
100.603 179.125 108.178
108.051 77.6403 137.04
120.722 128.357 137.165
95.0418 107.962 161.864
85.4406 147.641 150.377
103.072 133.53 168.516
118.68 181.017 111.453
118.524 94.5319 145.864
71.0483 116.43 101.653
73.62 111.579 122.822
73.0444 120.629 126.853
103.343 80.9471 88.9249
-nan -nan -nan
111.207 151.036 130.465
100.113 142.463 121.813
105.255 136.959 121.32
97.8583 123.428 107.977
100.761 137.254 105.033
114.726 155.627 116.676
-nan -nan -nan
141.667 154.239 128.698
153.85 146.102 119.584
148.495 139.627 120.433
154.132 125.218 107.642
152.555 139.346 104.168
137.206 157.1 115.069
146.082 200.877 106.553
156.856 77.2311 109.928
131.939 117.895 179.498
180.356 135.32 136.546
142.189 204.837 117.804
134.28 178.572 123.891
132.95 152.93 153.382
133.879 133.072 157.036
130.808 110.887 145.892
136 100.541 129.797
133.296 70.6494 144.571
176.595 154.49 132.773
177.389 179.241 112.172
179.958 170.619 122.783
162.863 180.978 145.161
136.93 174.425 155.026
164.367 141.735 118.401
164.653 155.483 116.129
166.343 68.0643 123.749
147.873 62.5101 146.544
155.897 102.581 102.249
135.043 88.5409 122.553
149.537 133.393 95.0071
157.523 178.707 103.861
180.745 94.4467 148.433
181.122 121.205 154.651
147.997 89.3469 174.137
165.628 125.153 172.122
166.737 140.304 165.9
133.481 90.0223 159.926
130.678 172.31 100.895
132.957 152.329 113.656
178.845 132.818 127.812
186.915 141.156 115.346
164.296 152.352 101.584
186.092 123.19 138.047
178.033 123.265 90.9483
189.474 123.482 106.482
169.73 173.993 117.682
175.895 161.191 132.359
166.184 121.245 138.715
141.072 60.2129 118.435
163.244 156.415 84.2624
143.666 89.9712 129.437
158.884 128.487 162.082
137.102 112.024 160.481
159.204 165.435 114.242
168.909 137.103 115.518
161.484 152.49 130.093
164.982 131.375 90.3627
143.296 79.5625 118.513
166.199 171.983 136.446
157.642 189.689 133.498
148.137 167.369 156.116
177.58 111.075 158.428
160.322 91.1109 157.819
159.312 66.1878 120.383
158.842 70.2323 138.213
175.652 83.4833 110.558
169.83 101.071 103.97
154.291 107.126 109.953
169.696 186.468 118.81
139.291 162.758 104.312
151.73 179.852 105.551
146.846 85.5834 143.984
131.813 130.515 137.337
157.298 113.351 167.403
168.059 152.333 147.614
156.833 141.62 167.535
130.173 174.023 106.774
135.219 102.702 152.297
180.625 119.168 101.64
178.896 111.723 123.867
181.521 128.479 127.148
149.205 82.0466 89.0837
