101.881 200.139 112.319
87.0514 70.625 109.702
117.113 111.136 178.965
73.3591 131.513 136.526
111.608 206.862 118.242
119.867 180.136 127.671
120.208 153.161 150.942
120.469 131.009 158.102
124.054 106.767 149.069
119.356 98.8672 127.614
122.138 71.2379 136.126
77.1596 153.342 126.568
83.3182 170.997 108.966
77.5925 171.944 124.263
92.6612 176.557 150.488
117.905 166.07 159.912
89.6891 136.205 117.992
91.4223 151.958 114.983
89.569 65.3861 131.402
112.093 61.8504 143.186
94.7259 94.2528 103.29
118.022 75.5922 115.463
102.341 127.173 94.6571
97.6584 176.671 103.693
85.5395 80.4213 154.07
72.8894 107.399 147.651
108.863 86.5105 169.945
81.0369 120.331 166.163
83.9862 136.155 165.284
122.96 90.0027 155.323
122.417 175.683 100.264
116.77 149.795 109.999
78.2855 124.485 127.221
71.5466 138.895 113.275
87.5083 149.988 102.304
69.4508 110.069 133.038
76.2054 108.252 99.1393
68.1644 113.077 108.739
89.5127 171.131 116.453
80.9263 167.867 128.631
85.1566 111.547 135.696
110.195 54.9191 115.604
89.8619 150.882 86.7856
109.893 77.0105 124.926
89.3593 124.255 160.078
115.005 109.91 161.692
97.8025 161.754 111.933
87.3262 129.991 115.186
91.5992 148.779 129.016
87.2192 117.797 99.8402
101.237 71.8051 111.865
86.5907 169.216 139.391
98.2142 186.529 138.039
104.523 163.82 159.808
74.7847 94.5095 145.15
98.8451 88.179 161.59
92.653 64.6271 127.782
101.015 71.8897 139.898
83.2855 81.7259 121.576
86.6117 98.5226 105.835
103.059 94.0504 110.964
85.6725 183.343 117.793
114.626 165.439 102.762
101.674 179.42 105.579
111.531 82.7157 139.111
122.072 129.628 138.473
86.7626 108.764 162.169
83.7758 147.236 146.671
98.798 134.508 170.64
118.951 181.468 108.393
118.67 97.6389 152.747
76.2307 107.332 107.489
75.5264 105.925 124.42
77.1493 119.925 122.302
106.719 81.0999 88.8113
-nan -nan -nan
109.516 149.772 129.117
99.7305 141.69 118.388
105.459 137.831 117.977
101.587 122.472 107.25
103.434 137.277 103.122
118.314 152.469 113.108
-nan -nan -nan
143.327 150.333 129.348
154.103 143.99 118.916
149.121 138.771 118.662
153.338 123.56 107.083
151.377 140.154 101.877
136.704 155.402 114.465
147.467 201.794 108.889
171.076 74.4065 110.348
134.258 112.398 179.88
181.526 135.107 137.534
142.5 205.072 122.213
133.106 179.693 125.604
133.811 153.025 151.691
133.63 130.433 159.493
131.056 108.701 149.68
136.807 99.5742 128.044
134.697 69.3354 136.535
178.698 154.504 127.877
169.966 182.554 110.217
174.663 171.215 117.696
163.866 177.112 145.863
136.443 169.333 158.22
164.547 138.374 117.441
161.275 151.45 113.746
167.428 70.7621 132.926
146.738 62.9475 143.973
158.437 93.9245 103.673
136.308 82.639 116.48
148.525 126.895 95.397
153.382 178.163 102.216
173.467 90.5526 156.588
182.943 116.14 147.441
143.769 86.7485 170.973
169.79 120.437 167.887
166.67 133.398 171.036
132.963 88.8928 155.428
130.558 176.109 100.212
132.433 153.719 113.222
174.675 127.159 127.129
184.037 134.709 118.303
164.289 148.572 103.132
186.654 114.118 135.157
177.274 115.87 95.7575
187.237 115.312 111.452
164.218 177.041 114.869
169.874 164.004 123.276
167.198 117.433 135.749
144.534 59.1573 113.897
162.855 150.451 86.9558
144.26 88.3932 124.516
163.49 124.815 162.329
136.696 109.733 163.515
157.281 163.404 111.606
166.937 132.044 113.722
162.362 151.687 128.023
165.446 116.397 96.9674
153.809 74.3428 111.511
169.205 167.991 137.95
157.485 183.591 141.307
149.866 163.037 157.98
180.332 104.196 150.991
157.932 94.2059 163.017
162.357 66.4837 125.989
155.758 71.8118 147.283
176.093 85.0574 128.709
173.516 93.0567 102.58
153.327 97.6809 110.123
166.685 185.776 120.372
138.501 168.008 103.538
149.826 179.746 104.312
145.005 84.5163 137.411
132.639 129.207 139.916
164.351 111.857 162.958
170.834 147.009 146.903
154.153 133.044 172.616
130.592 182.833 105.701
134.048 99.4032 152.613
179.582 114.085 104.984
176.245 104.598 128.769
178.776 122.834 125.749
148.18 82.6262 87.0586
