103.882 200.867 109.37
88.293 67.2077 113.292
120.262 110.066 180.657
73.0829 133.637 133.611
108.813 208.212 118.279
119.539 183.41 128.695
120.233 156.747 152.089
119.972 128.557 154.403
123.711 105.173 146.524
120.671 97.402 126.665
122.134 65.6695 143.532
78.072 153.918 128.446
81.1616 172.503 110.156
78.6025 174.068 123.415
91.8493 178.38 147.848
117.69 169.528 158.767
91.5984 139.093 113.1
91.6173 153.034 113.089
90.7959 62.5845 137.207
112.821 58.1875 152.23
97.201 89.0326 107.869
118.547 70.4519 118.178
102.35 125.283 94.5241
99.3609 179.759 102.984
83.8744 82.1413 157.451
74.2476 109.427 145.25
108.255 83.4988 171.57
83.4476 119.177 166.426
87.4122 137.134 164.465
121.744 88.8413 156.695
121.554 180.187 100.616
117.103 151.197 107.942
82.822 129.908 123.271
69.0565 137.206 110.51
88.3524 151.041 98.5478
68.5437 108.082 133.027
73.4996 105.288 99.7908
68.3824 107.189 111.426
86.037 173.923 117.978
85.274 161.876 131.379
87.707 111.927 133.77
111.296 46.207 125.802
90.0963 144.079 82.5813
111.126 77.3377 128.711
93.0376 124.619 160.105
115.544 106.404 162.664
97.3376 166.116 111.603
87.0879 132.706 111.606
94.1839 147.742 128.39
84.3463 114.945 98.4087
105.601 63.9884 113.224
87.6223 169.82 138.458
101.121 188.269 135.367
104.465 168.01 158.661
70.0134 95.8591 154.812
97.8226 91.2185 158.043
96.0974 64.1417 131.723
101.97 68.3952 146.318
86.5721 78.2116 125.937
86.2819 92.0605 107.41
101.898 95.1989 111.159
84.3438 188.274 115.087
113.59 163.867 102.055
102.187 180.396 106.144
111.735 84.8792 141.917
122.587 124.988 137.874
92.0587 109.603 159.406
87.5483 147.383 146.428
101.589 136.489 166.418
119.738 185.585 109.027
119.394 97.9232 152.568
75.3472 102.974 110.216
76.0493 101.065 127.795
76.8473 124.084 123.215
105.071 81.9368 88.6916
-nan -nan -nan
112.852 153.692 126.446
103.723 146.875 118.84
106.902 139.571 117.761
100.085 120.595 107.46
101.443 136.879 100.215
117.747 157.917 112.032
-nan -nan -nan
142.524 154.333 127.506
152.758 146.946 117.555
148.104 140.241 118.22
154.042 122.838 107.211
152.494 140.104 100.458
137.218 158.081 112.684
148.261 203.955 108.35
169.561 71.6684 114.341
131.904 108.526 178.131
180.604 137.442 132.227
144.305 208.13 123.91
134.954 184.12 129.882
133.977 153.305 151.943
133.383 129.084 157.57
129.835 104.404 145.87
133.434 96.8087 125.24
132.933 61.4814 132.605
175.8 156.753 125.117
175.816 173.509 113.031
179.787 173.194 126.506
165.114 174.695 149.015
136.667 170.913 159.991
164.276 139.603 115.005
163.915 153.67 112.319
164.599 64.364 135.211
143 58.2345 147.002
158.107 97.4947 103.914
133.912 80.897 115.664
149.635 131.627 91.4632
155.233 180.973 103.569
172.345 85.0099 155.306
180.721 112.922 146
147.493 85.8932 173.437
170.766 121.05 165.672
168.052 136.572 164.117
132.112 85.5641 156.992
132.234 179.491 102.132
133.877 153.07 109.713
173.127 129.684 124.813
186.152 135.263 114.428
166.273 150.832 99.5101
184.789 115.68 132.682
179.702 110.019 97.8101
187.757 112.088 111.847
168.245 169.93 120.424
171.867 167.151 125.187
163.835 118.15 134.393
147.093 55.5283 116.15
163.936 151.682 83.6092
143.682 80.8691 125.52
161.781 125.19 159.361
138.674 106.206 162.262
159.742 167.449 111.037
167.458 134.844 111.063
161.601 152.808 126.704
168.033 121.877 96.7957
149.515 72.1372 114.716
166.72 166.209 140.937
157.104 187.278 140.189
148.164 163.607 160.801
175.434 102.078 158.299
155.519 91.9296 160.048
158.746 64.4268 127.375
151.882 66.9472 145.665
168.508 82.1853 126.56
169.165 96.0033 106.924
152.082 101.651 107.807
166.61 185.935 119.03
138.971 163.628 103.342
152.409 181.944 106.374
142.336 81.9251 142.15
132.352 124.574 137.339
162.962 112.627 160.62
167.928 151.296 146.466
152.959 134.699 169.662
132.832 186.512 108.269
133.636 96.2524 150.893
179.582 112.178 106.278
175.851 102.506 129.072
176.285 124.775 124.533
149.381 82.1609 88.093
