102.754 198.053 109.739
86.3221 67.1602 114.007
118.986 112.211 181.103
73.6141 138.217 134.079
108.537 204.532 119.461
119.527 180.441 128.135
119.895 153.852 152.533
119.924 129.793 157.073
122.843 109.608 148.449
119.007 98.5036 127.059
121.473 66.5141 136.306
83.1256 155.851 129.132
80.9672 166.858 117.069
77.3966 172.308 130.776
92.8499 175.638 149.769
117.567 170.141 159.328
89.5918 140.085 118.463
90.2771 153.585 116.362
91.411 63.9622 134.736
111.657 58.3455 146.702
89.0402 96.1003 104.911
115.314 74.4792 115.53
100.393 130.327 95.4571
98.9397 177.08 102.909
86.3544 81.5365 151.273
72.4835 109.675 145.683
103.399 89.2338 169.378
86.2984 122.958 167.833
86.8899 138.886 163.094
120.926 90.6982 157.444
121.451 177.625 102.794
114.709 151.516 111.698
79.1915 127.464 127.529
69.6814 140.659 113.734
86.376 154.097 101.907
71.3041 110.171 134.097
71.5072 111.221 100.678
62.3857 119.867 109.9
88.1303 169.506 123.054
83.8958 165.744 130.876
87.9253 114.445 134.35
107.712 49.3766 117.655
88.0207 153.092 86.3392
112.042 77.665 125.275
91.4635 125.428 159.528
113.594 109.074 160.356
95.7388 165.671 113.97
86.1316 135.821 114.78
93.6341 149.8 130.609
83.7027 125.299 100.372
100.516 68.095 112.552
89.3956 168.334 140.05
99.1925 187.588 135.997
106.81 164.855 160.524
79.142 95.2809 141.949
96.7165 91.586 155.564
97.162 64.0991 128.586
102.579 67.5819 145.702
82.4465 80.0739 125.23
79.9132 96.4649 108.873
97.426 97.7501 109.725
83.2218 183.542 116.259
112.339 162.048 104.433
99.9264 180.086 106.842
111.249 84.0807 140.692
120.562 116.792 138.93
87.3111 114.378 160.125
87.2168 150.131 148.344
101.355 136.942 169.293
118.708 184.099 110.652
116.466 99.2274 150.017
70.6414 113.594 107.05
74.3104 105.488 123.657
76.3433 123.558 123.115
104.7 85.019 90.3014
-nan -nan -nan
111.031 152.377 127.491
100.224 145.382 119.19
104.698 139.667 118.894
98.8772 125.151 107.119
99.9916 139.72 104.123
115.255 157.329 113.455
-nan -nan -nan
143.026 152.85 126.762
153.512 145.581 117.351
148.307 139.175 117.904
154.142 123.198 107.431
153.604 139.689 102.574
135.967 155.78 112.747
150.852 199.912 112.373
167.583 67.2261 113.294
133.655 107.43 178.933
180.882 137.357 130.712
144.424 204.733 122.634
133.903 182.258 125.308
133.593 154.492 153.569
133.373 131.532 157.339
129.945 109.691 146.831
134.107 98.0278 127.625
131.537 68.6252 136.66
175.467 155.517 128.131
171.404 175.655 109.833
174.161 169.115 120.52
164.957 171.057 150.004
136.612 167.141 160.379
165.089 141.245 116.26
163.701 153.866 115.239
167.945 67.6444 134.839
143.295 59.3296 147.313
161.94 94.1121 102.67
137.474 76.5044 116.188
152.886 131.514 93.6099
156.138 179.735 105.213
173.631 90.2721 151.868
182.505 116.08 145.141
148.158 83.196 169.633
167.968 120.705 166.429
166.223 133.435 163.998
132.047 88.5961 156.668
132.362 180.014 100.428
132.752 154.218 111.689
175.079 129.989 122.942
186.937 135.347 114.459
164.024 150.545 102.091
185.31 115.31 130.574
181.157 108.566 97.684
189.314 118.587 107.712
164.081 171.773 118.667
167.953 162.818 126.208
166.362 119.393 132.364
144.661 50.3756 120.278
164.821 153.935 85.2548
141.157 82.2265 125.702
161.66 123.442 158.627
138.846 107.732 159.647
158.519 164.075 112.83
167.987 135.42 113.095
161.237 150.933 128.05
168.223 124.265 97.5052
152.264 68.6747 115.04
167.772 169.092 138.323
155.448 186.773 138.11
149.192 165.244 159.917
172.061 103.87 153.098
156.646 88.0587 158.635
158.797 65.6772 129.494
154.697 67.6398 142.276
170.565 81.5435 124.833
172.641 93.4476 106.527
155.568 99.5804 108.909
168.713 181.428 119.24
139.287 164.551 103.675
151.301 180.548 105.608
143.584 83.1596 141.118
130.732 133.848 137.405
161.935 111.864 160.064
167.07 150.707 147.143
151.825 131.589 168.601
132.755 176.611 106.094
134.382 98.4791 151.072
181.897 110.161 106.021
179.355 108.197 123.394
179.352 124.976 124.217
146.525 83.1121 87.9338
