103.979 193.902 114.927
99.2609 66.3897 114.878
120.414 121.324 182.348
69.7036 136.287 142.468
111.793 199.842 123.822
119.737 175.089 128.733
122.084 156.433 154.805
121.964 133.221 160.446
124.386 107.852 149.473
118.932 99.9819 126.514
124.424 79.3292 135.087
77.5825 152.761 132.791
79.6317 166.558 113.126
79.09 174.938 132.154
96.4352 172.845 151.263
119.586 168.789 160.312
87.6188 137.079 121.225
88.6113 151.428 117.212
92.5096 71.2105 135.621
117.692 71.5571 148.421
93.9487 94.0628 106.29
116.742 78.7555 117.088
104.054 125.601 99.5547
96.9277 174.046 106.239
84.8476 88.9246 153.806
70.6817 113.552 149.551
108.497 96.4673 171.741
84.6656 126.848 169.735
90.0972 140.487 169.869
122.672 98.2779 158.157
120.542 172.249 103.365
113.063 146.119 111.567
75.54 129.313 130.015
69.8648 141.037 110.927
86.6011 150.422 101.972
66.2405 112.797 138.684
75.7838 110.552 100.033
66.4953 115.851 111.838
86.5594 167.534 121.865
82.4426 165.063 133.803
84.4506 115.368 140.105
112.548 59.7598 131.472
93.8388 144.903 86.373
111.919 85.5034 126.265
93.455 130.183 163.592
117.07 117.181 164.447
95.5236 160.394 113.715
83.5762 134.836 115.238
90.8077 148.208 133.018
85.3626 119.195 100.799
107.162 70.587 118.525
90.3349 167.316 142.158
102.414 179.795 143.994
105.937 167.1 162.096
71.981 98.1519 149.063
97.9616 100.784 158.427
97.1805 70.6653 130.83
104.88 78.0524 143.253
81.1665 80.4493 120.217
83.2025 94.4387 108.769
97.8648 99.7808 112.563
86.1307 181.854 119.939
111.782 159.383 105.307
99.6022 175.087 108.772
112.808 88.2931 142.458
121.522 117.165 136.552
87.722 114.837 165.35
88.6692 148.952 151.54
103.883 140.447 177.389
117.267 176.049 112.397
119.305 102.798 152.575
73.7713 107.626 109.588
77.3154 107.959 125.227
74.485 121.445 132.87
104.249 83.6079 95.0593
-nan -nan -nan
108.962 149.536 130.241
98.9342 141.526 122.319
103.93 136.896 121.532
99.1725 121.418 110.162
101.045 135.287 105.397
114.798 151.68 114.662
-nan -nan -nan
142.177 150.391 129.102
153.629 142.111 122.679
148.656 137.782 121.939
155.362 121.907 112.272
153.421 137.311 106.455
135.977 151.953 115.176
150.084 193.538 114.957
172.817 74.1383 120.854
139.487 111.514 179.219
185.326 129.293 141.142
143.185 198.261 126.714
133.298 175.697 126.611
133.002 148.764 157.806
133.55 125.941 159.837
131.063 105.735 150.306
135.82 98.5094 128.043
133.631 77.8445 136.501
179.514 146.045 129.928
175.586 168.772 114.236
176.014 165.027 132.372
164.716 161.767 151.254
136.356 163.631 161.823
164.566 139.264 120.106
165.012 153.212 117.246
161.184 71.9357 141.315
140.657 71.3203 150.356
164.812 95.947 106.934
140.377 82.0509 116.672
151.449 128.636 99.4922
155.895 175.471 107.091
173.307 90.8582 152.68
183.158 110.99 151.653
150.892 95.489 171.199
171.952 117.759 166.882
166.953 128.436 167.503
136.003 91.6479 164.228
130.932 173.223 103.385
131.867 150.135 112.68
178.963 128.887 129.807
187.806 136.054 115.765
166.654 146.696 105.708
190.769 118.55 139.423
179.796 111.705 100.745
189.473 116.346 113.737
168.971 166.418 124.056
170.968 155.774 132.22
169.171 118.481 138.868
147.057 61.2542 121.333
161.669 149.015 88.169
144.068 88.2463 126.44
165.034 121.902 161.326
136.076 108.623 164.145
159.584 162.856 115.068
168.614 133.563 117.025
163.462 145.752 131.335
168.379 123.25 99.8857
158.101 75.6652 116.676
169.581 153.669 145.007
155.332 175.763 145.183
152.149 147.051 168.182
179.918 102.739 151.078
158.473 97.0635 158.768
156.45 69.3257 130.146
149.239 74.5586 145.082
170.046 83.8474 129.29
172.68 91.5629 113.778
157.785 101.509 111.547
170.873 177.085 119.861
138.738 161.627 106.7
151.857 174.276 107.77
142.306 88.7141 144.092
131.997 126.982 140.939
164.448 108.304 163.994
179.731 142.462 144.141
153.099 126.631 168.352
131.887 178.408 109.941
133.94 98.5781 155.174
183.298 110.088 110.592
176.522 106.476 129.804
183.003 123.26 131.542
149.762 83.2433 94.9677
