103.719 199.888 109.505
 88.271 69.5941 119.507
121.735 121.318 182.905
73.8135 137.738 135.087
  111.6 206.629 116.863
120.538  182.96 127.116
120.518 158.909 152.719
120.377 133.665 156.992
123.891 110.026 151.708
120.831 100.786 133.731
122.493 73.8568 145.452
 81.221 156.541 122.278
 84.924 173.746 106.758
78.3824 172.941 116.968
90.4878 177.068 144.966
118.059 174.809  156.51
93.5865 140.131 118.642
 93.931 154.723 113.545
93.8183 65.0486 141.054
118.044 64.6501 154.579
98.0431 92.1886 111.738
118.524 79.1843 124.074
105.677 125.582  100.61
99.8163 178.168  102.79
85.6391 87.0146 157.237
76.5817 115.898  151.81
110.366 93.5636 178.587
89.7784 129.954 170.345
90.9282 143.455 166.408
121.631 95.4513 163.125
121.285 181.215 101.984
117.056 153.457   111.2
84.2148 130.775 125.621
72.7372 135.824 116.087
91.6153 150.514 102.651
71.3688 115.693 137.658
79.7262 109.461 102.499
69.8533 110.297 114.217
91.1344 173.253 112.441
83.7461 168.072 120.887
90.5544 117.346 140.089
111.168 53.6176 127.476
93.2749 146.565 88.3175
114.218 83.0276 132.637
95.2098 132.706 163.275
115.178  114.23 165.502
99.8705 164.353 109.761
90.6491 135.532 114.551
94.5936 151.737 128.296
89.4486 119.953 102.212
103.337  71.681  123.19
85.7931  169.38 133.005
99.8453 185.285 133.177
103.543 173.193 154.811
80.7429 105.368 154.917
 99.229   96.01 163.296
100.412 63.4054 136.873
107.139 70.8715 150.951
89.0414 78.7032 130.565
87.6599 97.6587 112.105
102.089 97.3861 117.429
87.4822 184.731 111.897
113.205 165.055 104.247
102.835 181.196 105.224
111.939  85.683 149.755
123.115  128.32 140.193
94.6531 118.173 166.604
87.8684  150.76 144.583
103.977 143.985 167.981
119.807 182.292 109.078
118.187 101.493 155.675
77.5911 104.974 111.779
80.5935 105.808  128.84
81.0322 124.347 126.457
105.566 84.2102 96.4214
   -nan    -nan    -nan
112.744 153.585 128.328
103.036 146.346 120.095
 107.61 140.598 119.889
103.098 124.139 110.009
103.988 139.724  105.72
117.598 157.634 113.685
   -nan    -nan    -nan
142.792 155.068 127.006
152.148 146.846 118.698
147.583 141.383 119.066
150.126 124.011 110.349
 149.71 139.813 105.033
136.461  158.33 112.278
148.523 201.147 108.577
 165.38  70.186 120.081
133.056 126.577 183.146
181.407 139.077 133.232
143.568 206.967 119.997
134.109  182.96 125.241
133.746 160.976 150.492
133.198 137.448 159.001
129.672 112.945 154.457
  131.5 100.402 133.908
131.422 76.6286 147.755
175.952 154.436 122.069
172.238 179.803 108.546
176.473 174.724 118.602
165.425 177.539 142.328
135.744 177.206 155.084
162.739 141.558 116.999
162.661 154.605 113.478
160.161 66.9235 143.956
139.497      69 160.143
 159.86 94.7259  107.88
135.776 82.0401 123.542
146.926 129.448 99.2473
153.889 179.876 102.661
170.025 92.3727 159.323
180.311 116.618 148.013
142.371 96.3811 179.577
166.294 129.151 167.826
163.464 144.118  165.07
132.045  96.884 167.382
130.604 177.083 101.146
131.987 155.716 111.754
173.289 131.737 125.381
182.752 135.215 116.625
159.979 150.006 103.407
181.113  116.68 137.007
 175.46  111.42  101.72
182.772 111.609 114.333
166.489 176.866 113.695
173.446 165.512 120.611
164.125 122.426 136.822
144.385 56.0894 131.483
159.501 149.609 88.3357
 139.11 88.1702 133.217
158.884 132.504 161.768
137.462 117.405 165.864
 157.14 165.186 111.741
164.551 134.779 114.719
161.333 154.366 125.416
164.618 122.669 101.108
151.339 73.2494 122.258
 168.09 169.765 135.316
154.977 187.314 134.499
149.458 174.301 154.167
172.487 108.478 159.882
154.024  95.545 166.116
154.517 65.4669 137.618
 149.04 72.6273  153.43
166.473 76.4716 134.063
168.036 99.7467 111.375
152.997 101.798 114.201
167.225 185.488  115.28
139.247 163.163 104.165
149.902 180.175 104.885
143.185 88.2131 150.566
130.743 137.714 140.121
159.813 120.046 163.029
169.189  151.69 140.853
151.118 147.789 169.267
131.099 178.923  106.88
 134.84 103.444 157.542
 178.99 112.249 106.919
172.289 104.604 130.793
175.256 126.772 124.311
146.439  83.743  96.701