101.646 203.421 112.403
90.4865 62.7177 108.91
121.414 106.961 176.565
72.2163 135.078 135.263
111.806 210.176 117.857
120.825 183.424 126.397
122.371 156.665 153.164
122.137 131.334 158.422
123.849 106.32 148.525
119.065 97.0516 124.25
123.597 60.0267 131.945
78.6167 158.327 129.999
83.3295 174.155 107.386
75.5964 176.14 123.279
94.4457 176.337 153.636
120.148 169.591 160.996
91.7525 141.054 114.281
92.3429 154.805 113.469
90.803 60.8427 129.78
115.583 53.4226 138.678
95.1503 89.3956 101.114
118.011 72.3995 109.861
106.825 129.167 93.853
98.9401 179.11 99.382
85.4993 78.1531 153.209
72.731 109.053 146.596
108.542 80.2983 168.289
85.626 121.734 171.527
88.9615 135.978 168.374
122.453 87.1451 155.505
121.839 181.442 100.033
116.72 153.18 107.965
79.0821 129.913 121.827
69.1828 134.69 110.228
87.2452 150.059 97.4752
74.0697 109.581 129.709
80.1833 111.18 94.2514
68.9214 111.27 104.769
85.9892 172.804 114.332
83.4207 170.553 130.156
88.0938 113.581 135.72
113.317 47.8592 109.956
91.612 148.651 80.0587
112.698 78.1168 121.94
93.6008 124.613 164.183
115.162 106.648 161.665
98.5503 166.01 107.709
86.9432 134.539 110.562
92.9212 154.829 128.606
91.18 121.772 90.0245
104.234 61.1777 112.327
87.5732 176.038 136.746
101.562 191.819 137.468
108.004 169.975 159.072
79.4601 92.5181 149.699
99.3789 83.8295 155.421
96.9151 54.3867 124.017
103.788 62.9118 136.75
87.4106 75.5276 122.113
86.2497 95.8811 106.026
101.652 94.7388 106.622
84.1307 188.508 112.364
114.636 169.613 100.35
101.516 182.545 102.318
115.326 76.4648 137.635
122.883 112.837 135.022
88.802 109.119 164.147
85.7384 149.016 148.048
104.108 134.512 171.939
118.773 183.978 106.858
117.811 96.7044 151.713
77.1458 115.69 98.9228
78.1943 101.921 121.958
78 123.147 121.173
103.979 81.3697 85.1163
-nan -nan -nan
109.745 152.121 128.244
100.749 144.19 117.533
105.87 139.873 116.388
101.845 123.375 104.234
103.546 139.291 100.622
117.887 156.34 111.494
-nan -nan -nan
146.347 153.653 127.856
155.633 144.647 117.469
149.762 140.849 116.667
153.769 122.88 104.33
151.709 139.304 100.093
136.273 155.87 111.23
147.371 204.049 108.767
165.103 65.1761 113.344
132.753 114.234 181.536
184.1 134.2 133.662
143.08 206.784 124.125
134.179 183.339 126.153
132.845 155.732 153.627
132.704 131.68 159.295
129.395 107.878 148.791
134.488 97.5876 125.278
133.388 64.0293 136.544
178.474 153.716 125.591
175.287 173.952 114.892
178.519 175.383 128.638
162.775 176.705 150.852
135.202 169.243 161.424
166.255 142.514 112.97
164.448 156.596 112.627
167.454 66.117 135.168
144 57.5219 147.421
160.169 89.8286 102.002
135.78 77.9977 113.897
148.759 129.775 91.7777
157.052 180.806 102.362
175.955 87.8631 151.623
182.094 114.733 152.277
142.101 86.6689 174.9
169.365 123.584 169.951
168.694 140.107 166.142
131.387 87.558 156.998
131.003 181.152 99.2793
133.492 155.027 108.854
177.436 130.808 123.232
185.445 135.779 112.186
161.83 150.035 98.3142
185.612 116.308 135.384
178.784 108.504 95.6721
187.222 116.106 106.382
170.918 175.702 121.46
172.135 165.245 126.68
168.354 118.04 136.366
143.149 51.4347 116.236
159.767 148.026 80.6507
143.18 83.3162 125.255
161.724 125.613 163.267
135.818 111.325 162.209
159.168 168.069 112.624
168.46 135.018 109.978
164.12 152.736 127.876
167.325 120.653 88.8542
149.353 65.1526 112.738
168.089 169.668 142.314
154.847 189.46 138.498
147.625 172.541 157.773
178.093 102.764 151.295
155.417 88.8981 163.344
162.292 64.4786 127.489
154.733 67.2929 142.326
174.844 80.5068 126.517
169.241 95.4515 108.5
153.151 98.1689 107.323
168.537 187.971 116.424
138.608 167.786 100.523
151.715 182.419 104.399
142.604 77.394 143.498
130.731 121.598 136.866
164.051 110.884 166.916
169.697 150.005 147.303
155.038 138.017 171.411
133.321 182.983 105.635
135.33 98.9337 152.68
181.514 103.621 105.188
177.525 107.125 123.397
179.381 123.752 124.665
150.348 80.9079 86.4084
