103.873 199.257 107.084
87.3651 65.8108 111.72
118.854 109.709 181.702
73.8294 137.567 135.542
109.488 206.639 113.21
120.342 182.567 125.974
120.846 155.103 152.329
120.695 129.62 158.592
123.43 106.133 148.565
119.518 96.7545 125.588
123.565 65.5332 137.127
77.7982 158.684 126.55
81.334 173.459 113.018
80.0446 175.593 123.527
89.4401 173.174 152.152
118.726 167.465 160.365
90.5264 141.047 117.585
91.9584 154.872 114.788
93.6585 62.0408 137.967
115.333 59.2141 145.386
93.1309 92.1746 103.614
119.196 71.6559 113.835
101.916 130.5 91.6646
98.1433 177.307 102.063
81.8035 84 153.754
70.5855 111.054 145.281
103.129 89.1036 173.198
83.2709 121.352 169.294
85.9094 136.246 167.877
121.22 89.1705 159.786
122.757 176.283 99.1659
114.107 150.567 110.002
78.5631 129.406 126.32
69.679 140.323 113.489
86.6812 153.812 99.4333
70.9992 109.997 134.072
72.7174 112.669 98.3254
67.1764 107.248 115.106
85.8121 177 116.963
83.7216 165.297 124.766
86.9727 113.189 135.486
110.671 49.076 116.827
90.2461 150.825 81.2142
111.333 76.111 124.214
91.2223 125.399 163.658
115.24 106.46 163.635
96.6298 165.447 111.615
87.5179 135.146 113.988
92.6175 149.69 130.053
85.1001 124.349 95.99
104.581 68.461 108.307
88.4621 171.935 137.662
100.916 195.205 134.015
104.945 166.848 160.277
75.3972 93.9716 146.816
95.7648 91.4098 158.072
98.0617 61.8636 131.888
102.882 71.0788 147.323
87.9851 77.5119 126.048
84.5703 98.1584 107.33
101.901 95.9969 107.39
85.9401 189.042 114.125
115.014 164.939 101.14
101.96 180.916 104.107
113.134 82.5072 140.564
121.908 113.589 136.665
89.106 111.157 163.027
81.8046 153.266 146.583
99.604 137.128 168.601
121.355 181.377 106.17
117.387 97.4217 152.949
75.3203 112.613 107.818
76.478 104.389 125.983
76.845 126.694 120.798
103.946 82.016 86.4125
-nan -nan -nan
111.738 153.618 129.176
101.115 145.178 120.84
106.109 140.449 119.252
99.8171 125.624 105.567
101.354 140.045 102.398
118.485 156.156 114.375
-nan -nan -nan
141.372 153.459 129.13
152.397 145.688 120.662
147.796 141.156 119.674
154.249 123.97 106.848
153.402 140.391 102.448
136.401 156.225 113.362
148.072 200.128 106.446
170.739 67.8273 112.719
133.465 108.757 183.289
180.789 140.043 138.026
145.612 205.85 118.499
134.551 182.178 124.583
133.44 155.195 155.786
133.212 130.336 160.022
129.894 108.175 148.269
134.97 99.1681 126.446
133.934 69.3614 137.756
173.806 158.157 132.028
174.108 176.177 113.739
175.812 174.34 126.523
165.659 176.071 148.121
138.099 168.778 161.743
162.743 141.72 119.198
161.439 154.934 115.735
169.199 69.8311 140.678
145.538 63.0863 150.763
164.249 91.9687 101.682
137.96 79.7241 114.37
151.766 129.136 92.372
155.787 177.464 101.082
179.512 94.1097 152.38
181.674 121.168 151.195
149.059 87.8358 173.752
168.994 122.617 171.117
167.864 137.321 167.441
131.576 86.8661 157.651
132.614 175.363 98.7094
133.591 153.685 110.291
171.591 133.411 128.219
183.014 144.116 115.804
166.165 153.23 98.2666
181.077 121.148 137.819
182.155 110.923 99.0187
188.041 119.393 112.492
167.789 175.84 119.106
169.634 165.099 129.93
164.143 121.277 137.957
147.343 53.3142 118.706
162.384 152.404 82.5093
142.657 82.6134 124.627
160.995 125.186 165.45
134.737 106.281 165.483
158.76 165.481 111.299
166.397 136.784 114.622
160.382 154.218 129.696
167.962 120.877 97.0898
156.498 71.2915 110.118
165.042 172.688 138.055
156.519 190.092 137.922
150.907 167.142 158.755
177.681 110.6 149.241
162.256 95.2779 161.886
162.1 64.5321 127.133
153.784 68.1455 145.257
175.847 83.5929 127.811
173.648 100.605 106.222
155.187 99.5288 107.109
169.363 188.311 113.574
140.243 163.659 101.658
152.61 179.967 103.463
144.619 83.0078 141.994
131.04 129.478 136.93
159.214 111.128 165.202
170.203 152.431 146.862
152.344 133.37 172.929
133.878 182.35 104.094
134.503 99.1227 151.951
182.737 107.017 109.13
177.604 109.62 127.805
174.08 127.704 129.392
149.546 81.8941 86.1151
