105.683 203.683 109.866
92.3562 64.4239 108.102
121.265 109.859 176.508
76.7608 135.505 132.425
112.385 209.379 119.92
121.399 183.802 126.636
120.452 160.164 149.124
120.46 130.059 155.45
124.295 107.094 150.286
120.226 100.905 127.383
120.785 61.6295 140.351
81.178 158.028 125.097
85.0171 176.747 109.375
81.6306 177.219 121.681
94.2629 176.871 148.982
118.981 166.922 160.032
93.1949 139.558 114.271
93.0595 154.926 111.308
90.387 59.2609 127.417
109.169 53.5074 143.634
92.7812 88.4608 103.467
119.719 73.5867 117.851
104.086 127.23 92.3777
101.128 180.618 101.406
83.3965 82.0612 153.599
73.3658 110.566 145.19
106.211 83.7594 172.241
86.9017 122.85 166.998
87.1586 140.771 161.399
121.24 86.4042 159.231
122.277 182.897 100.483
119.572 151.837 107.628
83.2337 128.375 122.516
73.9795 135.51 113.136
90.7326 151.25 97.7279
70.5822 106.632 134.587
77.7375 110.486 96.3532
70.0456 110.612 110.263
90.6262 176.837 115.591
85.9704 168.944 125.934
89.0667 113.034 134.62
113.339 48.6836 111.577
93.1588 148.783 82.5058
113.439 77.7687 125.456
92.7275 127.275 158.721
113.749 105.31 161.491
99.1723 164.056 108.283
90.361 133.004 111.418
94.6944 151.754 126.819
88.4986 121.5 96.7502
108.726 69.3587 110.082
90.9738 175.019 135.254
103.709 189.662 135.945
104.871 165.217 159.468
74.0913 95.399 144.798
96.1149 88.967 159.156
95.97 59.0255 121.517
100.321 62.6321 137.879
85.1578 77.1388 121.289
81.9761 90.6251 105.308
103.019 93.9163 108.914
89.0565 190.847 116.288
114.358 163.452 101.266
103.564 182.631 104.837
110.778 80.621 140.913
124.094 129.468 137.431
90.1585 109.814 161.066
90.7091 152.123 144.407
100.993 137.173 164.963
119.392 184.646 109.457
120.2 95.6453 153.224
78.0387 103.618 107.642
79.3207 101.921 124.77
79.0962 120.376 122.445
104.378 85.375 89.2286
-nan -nan -nan
112.185 153.405 126.638
103.869 146.774 116.752
106.959 139.536 116.191
101.052 123.935 103.372
102.608 139.018 99.4817
118.344 156.837 111.118
-nan -nan -nan
142.749 154.006 127.381
151.327 148.322 117.39
147.359 140.384 116.918
151.627 124.053 104.693
150.155 141.054 99.5206
136.527 157.503 111.513
149.396 203.055 110.48
163.869 69.1354 108.301
130.194 112.968 174.655
178.591 138.797 133.151
142.63 207.889 126.408
134.62 183.442 126.392
134.549 155.301 151.51
133.046 131.825 158.921
129.499 108.187 148.519
133.649 100.033 128.222
131.362 68.0834 141.026
175.886 157.179 127.898
170.816 173.897 111.249
174.856 175.608 124.266
161.628 178.581 147.82
136.586 170.75 160.109
163.003 142.981 114.574
162.006 157.29 111.017
164.558 63.8669 129.221
145.247 60.544 151.783
156.557 91.8482 101.833
134.069 78.7672 118.771
146.819 130.223 92.1442
153.182 180.952 101.282
174.345 87.1469 150.595
180.855 114.748 147.182
146.005 88.5483 175.619
168.666 122.39 166.416
165.913 137.701 167.031
132.474 83.9922 159.203
130.776 179.16 98.9992
132.972 154.833 108.842
170.974 133.551 118.967
181.549 138.664 111.411
160.811 154.276 96.1058
183.516 118.752 132.943
174.387 114.595 94.5824
182.937 114.473 106.228
165.611 175.007 119.665
169.892 165.993 129.361
166.016 119.694 133.309
141.547 52.3217 118.047
156.825 151.678 81.3571
141.294 82.5569 126.4
161.09 125.728 161.017
138.44 108.089 159.413
157.154 166.73 109.309
165.302 138.258 108.741
161.502 154.029 127.344
163.346 123.648 94.8964
143.163 71.0677 111.87
164.062 170.39 139.556
155.516 185.027 138.527
149.169 164.495 160.034
175.331 100.784 149.333
160.069 92.4945 163.441
156.887 63.3622 122.498
153.52 66.0252 141.543
171.457 80.0124 121.787
165.484 94.756 106.749
150.132 97.3478 107.849
167.326 185.37 116.539
138.73 165.884 101.39
149.971 181.371 104.704
144.335 81.6536 143.03
132.278 136.046 138.102
161.002 111.531 161.42
163.952 150.878 148.021
152.585 134.146 171.488
132.359 185.007 104.699
132.756 95.9686 155.557
177.615 105.522 103.058
173.942 103.898 124.243
175.011 126.994 121.293
148.146 85.9215 88.606
