105.856 194.284 111.502
98.0667 72.1322 114.334
119.992 125.388 182.819
76.5169 140.307 137.384
109.893 201.004 116.864
120.623 180.754 127.023
120.605 163.8 152.978
121.321 138.587 161.466
124.547 110.64 151.262
121.457 101.06 131.767
124.257 74.696 142.174
80.8439 156.69 130.41
86.1596 167.993 109.829
81.2163 170.295 122.099
93.8202 179.524 144.27
118.214 173.626 157.27
92.5263 139.181 121.692
93.8236 153.875 115.97
94.5146 69.5662 132.416
115.999 66.2337 146.826
93.4734 96.3005 111.035
121.197 81.5115 121.755
103.208 124.788 105.641
101.093 174.389 105.257
85.5748 90.3812 155.862
75.3075 118.389 150.934
107.458 94.6969 170.921
88.7566 130.354 169.984
91.41 143.682 167.521
122.595 97.5153 161.772
121.337 176.965 103.195
117.634 151.737 114.885
82.4948 129.037 130.742
73.4727 136.227 119.047
89.6895 148.328 104.687
73.3121 111.122 141.658
75.6328 106.307 111.385
69.2979 118.287 118.026
90.4751 169.785 116.961
85.5172 164.29 127.662
88.9495 117.691 141.925
119.119 59.2677 122.407
87.6857 144.193 93.1423
113.374 84.7262 130.024
93.7407 133.456 163.646
116.496 116.57 165.199
99.3477 161.853 111.437
87.9045 134.723 117.845
93.1648 151.225 130.221
85.1334 118.797 106.459
109.181 75.3784 119.838
91.5028 173.755 133.854
100.385 187.897 133.759
104.615 174.526 154.424
78.8323 104.806 153.903
98.3475 97.4389 159.091
102.337 67.6065 126.832
102.268 73.1938 140.329
88.2287 84.314 126.433
86.1739 92.5947 116.947
102.748 99.5896 115.852
89.2385 179.912 115.841
114.233 166.553 105.915
102.642 177.055 107.837
112.537 85.7635 144.251
123.206 115.705 137.501
91.7415 120.817 165.921
88.2261 155.095 147.04
102.438 147.128 169.646
120.109 177.556 109.493
118.224 103.789 154.231
76.3313 107.279 115.222
80.4183 106.593 132.074
78.8448 121.78 131.5
103.325 90.9839 96.763
-nan -nan -nan
109.367 152.82 131.987
101.907 144.902 125.013
105.796 141.636 122.638
98.8555 126.153 111.755
100.35 138.296 108.966
117.075 157.503 116.592
-nan -nan -nan
144.376 155.42 129.971
151.896 146.693 123.771
148.051 142.741 121.252
154.042 126.031 112.208
154.979 139.532 110.508
135.39 159.296 115.239
144.222 195.184 107.19
167.173 77.4391 120.605
132.323 125.735 183.002
177.668 142.782 137.375
141.585 201.64 117.563
134.242 182.271 125.218
132.744 165.512 150.434
132.082 141.685 161.875
128.969 115.317 153.186
134.208 104.243 131.927
133.537 80.077 143.471
173.8 159.406 128.073
169.759 172.318 109.071
173.622 174.451 120.695
161.985 179.737 142.406
134.898 175.571 154.753
162.74 142.36 119.2
161.21 153.493 115.562
166.919 76.9373 141.43
145.783 72.3528 153.88
160.178 90.5135 113.733
138.285 85.9372 122.446
151.03 126.951 104.484
152.126 173.693 101.692
172.914 98.8756 157.92
177.06 125.909 156.237
146.083 100.739 176.72
164.216 134.956 170.631
162.993 148.814 166.125
131.565 96.9842 162.423
131.185 173.812 102.281
133.158 154.939 113.494
171.997 134.871 128.561
182.51 136.597 121.302
160.828 145.763 105.085
180.766 124.651 143.258
178.866 107.266 112.414
184.551 117.127 119.476
166.869 167.226 117.405
171.486 168.168 126.551
163.599 127.479 140.873
145.288 63.4551 131.204
167.737 143.535 93.7162
143.022 90.9759 131.638
158.284 138.222 164.464
136.258 119.379 165.383
157.102 162.317 110.042
166.979 135.267 117.702
161.678 154.152 128.244
168.451 115.614 107.204
152.703 77.2101 124.793
161.113 176.171 129.878
153.224 190.606 131.676
147.98 176.692 153.46
175.32 114.138 157.411
155.781 101.842 166.143
160.839 72.8933 133.638
155.914 79.6087 145.998
168.49 90.1484 132.43
170.248 98.8016 116.069
154.269 100.966 117.372
165.135 182.284 114.897
140.135 163.276 104.947
150.877 175.077 104.363
143.864 89.4641 147.757
131.937 146.615 133.227
157.168 123.449 167
167.016 160.067 144.088
150.032 151.163 167.472
132.94 183.731 107.934
133.086 105.241 155.104
179.581 107.61 118.989
175.167 108.026 135.445
175.072 129.856 131.919
148.72 90.3121 98.0806
