103.944  194.15 107.957
99.3283 66.1018 113.586
119.385 119.787 179.464
70.3345 137.509 129.492
 113.33 200.671 116.543
119.482 179.252 125.769
119.343 158.114 151.648
121.042 136.358 157.559
124.146 114.426 152.398
121.991 102.966 129.694
124.136 77.6796 144.947
78.9989 156.599  128.25
82.7922 166.002 110.486
80.7758 172.386 125.614
 93.061 175.632 147.136
117.401 168.444 158.842
89.6939 136.336 117.263
90.1798 150.264 114.945
95.9566 66.2002 134.616
115.983 68.1398 152.958
96.0247 90.3631 106.111
122.834 75.2935 119.357
103.128 125.011 97.8356
98.6508  171.39 103.002
83.4969 88.3609 151.055
72.3141 115.108 146.824
 102.66 94.0228 169.226
83.8156 127.747 166.567
84.9664 141.243 161.032
120.874 97.8201   162.2
121.356   172.4 100.836
111.197 146.693 111.752
  81.25  126.72 123.304
69.7317 132.008  115.18
87.6102 145.663 101.648
   69.8  112.31 134.423
78.1034 103.266 103.235
68.6386 111.881  109.11
88.6349 169.158 118.465
84.0663 163.061 128.281
86.7806 115.763 136.516
118.987 55.5327 131.305
89.5351 142.759 87.8607
 115.92 81.5692  129.95
89.9198 130.077 158.646
115.134 115.659 163.117
96.5727 160.996 111.539
 86.804 130.803 112.738
90.6967 149.336 128.554
86.1092 115.918 101.065
112.281 68.5966 119.454
92.3587 169.565 136.272
101.534 186.166 133.382
103.649 167.875 157.408
73.2195 101.287 147.539
95.2887 96.3713 155.784
102.607 64.4034 131.997
103.575 74.3755 141.365
84.0561 77.5773 124.832
82.7184 87.7974 108.903
102.448 95.6441 111.889
 87.322 178.481 113.955
113.012 158.672 102.045
102.911 175.965 106.334
111.875 90.2366 144.407
122.418 128.075 140.199
90.5032 116.971 160.458
83.7434 151.888 146.651
98.8711 140.466 162.948
118.146  177.49 109.111
118.352 105.552 153.402
76.1639 106.729  105.91
76.6347  103.28 125.122
75.0156 122.477 122.675
108.174 85.3135  92.101
   -nan    -nan    -nan
108.991 151.087 129.222
101.571  139.81 123.674
105.333 135.789 120.817
100.168 119.371 108.348
101.668 133.004 104.875
115.074 154.235 114.187
   -nan    -nan    -nan
141.548  155.23 127.752
 150.58 148.118 122.489
147.308 140.327  121.94
 153.76 121.576 112.042
152.107 134.764 106.891
135.877  155.89 114.374
147.308 194.562 105.954
168.973 75.6441 119.782
133.533 124.265 179.764
180.359 139.554 135.146
142.899 201.417 118.708
133.765 179.589 121.863
132.802 161.927 148.762
 133.19 140.302 157.854
 130.11 117.501  152.33
134.028 103.968 132.175
 136.57 82.0389  152.38
174.352 160.201 127.486
170.129 174.076 113.726
174.087 177.862 125.542
161.337 179.782 144.991
136.671 174.792 153.695
163.378 141.692 118.779
162.201  153.95  114.33
168.675  76.952 137.992
150.712 75.2121 155.081
162.949 94.5688 109.268
138.378 84.2195 124.881
  150.7 125.726 100.357
154.069  174.17  102.89
176.224 97.6383 153.068
179.116 122.572 155.748
150.283 99.0758 174.141
167.054 135.853  167.93
167.782 148.696 160.654
  134.2 99.9362 164.936
131.613 172.316 100.554
131.167 151.598  112.29
173.734 135.673 124.949
183.893 141.098 115.568
162.199 146.431 104.967
183.064 122.942 140.978
179.752 111.906  103.88
 187.31 119.909 114.456
 165.86  174.35 120.135
169.985 167.586 129.143
165.375 125.552 139.054
146.083 61.7202 130.383
163.196 143.007 88.2498
 143.28 87.8536 134.417
160.542 136.068  160.11
137.867 119.151 164.183
155.967 162.944 111.761
166.403 135.525 114.896
161.086 154.853 127.267
169.323 117.763 101.723
156.017 76.9794 124.942
160.437 172.681   138.6
151.981 189.042 137.727
 147.89 170.297 156.856
177.505 109.888 151.559
161.409 103.692 162.194
160.945 73.4898 136.113
156.972 81.2156  145.91
  176.6 90.5923 123.183
171.178 98.7758 113.489
 154.95 101.125 115.051
161.547 184.264 117.575
139.023 157.954 104.198
151.248 174.626 106.217
146.069 95.2945 149.031
130.636 139.079 138.333
159.904 123.258 167.256
167.721 157.465 143.078
153.359 146.631 162.094
133.567 175.649 106.143
135.019 108.043 156.222
182.384 110.899 113.724
177.311 114.254 127.044
176.345  129.98 127.164
147.619 85.4662 95.7902