101.394 201.716 110.828
87.8144 69.2621 120.173
118.082 122.417 182.453
74.7225 141.077 132.563
110.086  207.39 115.838
119.527 182.372 124.225
119.183 162.884 151.533
120.482 136.443 157.646
123.196  111.01 151.641
119.658 97.5574 132.607
121.022 69.9456 143.637
79.6704 161.007 126.248
82.8454 168.051 106.056
77.4337 174.833 120.513
92.1096 181.342 143.904
116.374 178.566 151.557
92.1416 141.712 116.018
90.7938 155.631 113.779
87.6646 71.0844 139.313
111.463 63.4949 150.089
96.3535 94.8839 109.603
114.466 76.3389 124.221
104.906 123.925 100.342
98.4289 176.606 100.105
85.5959 89.8389 156.841
76.0952 117.037  148.36
105.351 96.8384 173.505
86.7715 132.709 166.271
 87.048 148.141 161.162
120.547 95.4449 164.517
120.732 177.915 98.6973
117.701 152.764 110.639
81.7961 131.821 126.977
71.8685  138.87 112.173
88.1018 147.588 100.067
74.0781 116.763 135.153
77.6744 107.251 100.953
67.8546 115.386 110.063
87.0962 172.183 112.495
82.1964  167.95 128.196
 89.395 119.487 137.685
106.002 52.5642 122.222
91.0486 143.136 85.4061
111.203 82.2547 132.892
92.7776 136.064 159.244
115.689 117.728 163.974
 97.466 164.359 109.439
88.6055 134.184 116.041
92.7357 154.463 128.121
88.6585 120.311 98.2616
102.069 68.6478 122.785
88.0736 175.567 132.716
100.542 190.578 128.181
103.007 177.781 150.915
 74.087 102.228 146.832
97.1919 99.0889 159.646
91.9047 67.1129 136.042
100.809 74.1667 145.371
86.2731 87.8967 130.297
87.4954 93.0288 115.132
100.107 97.5881 117.405
85.0435  184.32 110.535
 112.83 164.364  101.42
100.485 182.104 103.582
114.349  83.053 149.348
122.455 125.924 139.318
92.5718 121.913 160.893
88.5684 157.457 145.321
 101.15 144.467 165.701
  119.8 182.537 105.942
 116.78 103.629 156.597
76.0026 112.793 106.222
78.5579 109.972 125.905
78.0213 126.872 124.362
104.667 79.3247 95.7598
   -nan    -nan    -nan
110.325 157.674 126.414
100.757 148.531 118.782
105.876 142.308 119.749
101.005 122.676 110.127
100.994 136.786   105.2
  117.5 158.041 113.156
   -nan    -nan    -nan
144.015  156.63 126.921
153.985 148.141 118.513
149.084 142.793 119.637
155.124 121.704 111.431
154.145 136.425 105.836
136.359 157.497 111.899
150.585 197.249 105.237
  168.5 70.2033  121.49
134.188   123.4 184.594
179.089  140.02 134.594
144.786 205.864 116.329
 135.26 183.247 121.433
134.377 162.544  152.08
133.179 138.836 159.021
129.842 113.546     152
134.478 98.5365 132.002
 132.31 67.8654 142.081
177.193 161.247 127.434
169.398 169.399 110.499
175.094 177.637  121.83
162.983  181.44 144.377
136.927  179.46 151.815
164.264 141.497 117.865
163.404 155.944 115.125
168.421 70.5228 139.166
144.082 63.3627 151.963
160.291 95.1609 110.784
138.087 78.5057 124.583
151.632 125.291 98.6055
155.119 175.962 100.306
169.308 93.7121 157.281
174.188 122.111 151.488
144.461 97.3993   176.6
166.301 132.271 167.057
164.958 146.315 163.056
131.237 93.0887 161.678
131.148 174.711  97.995
132.785 155.134 111.174
171.711 132.611 127.802
182.469 138.986 116.118
162.792 147.226 103.216
178.853 121.119 139.038
181.566 107.346 106.086
187.065 120.477 114.298
166.054 171.368 120.201
171.232 169.793 127.064
163.053 123.987 138.231
145.745 52.2498 125.768
164.189 142.506 86.5631
142.583 83.3833 133.212
159.277 134.885 161.046
135.375 117.548 166.564
157.505  166.37 109.977
167.347 134.395 115.744
162.657 156.785 127.395
168.261 119.652 99.5362
153.269 69.5016 124.346
162.864 177.325 135.882
155.576 193.535 130.699
148.907 174.735 153.233
172.272 108.654 156.329
152.474 94.6833  163.92
160.817 66.7587 132.686
154.578 70.6876 144.572
173.455 88.7388 128.572
170.421  93.831 115.294
156.811 99.1615 117.029
169.172 182.702  115.19
139.581 162.278 101.845
149.977  177.46 102.766
  140.3 83.8908 149.226
131.569 133.379 141.482
158.496 120.719 163.134
166.592 160.266 142.896
152.508 145.387 167.715
132.714 179.603 103.583
 134.42 103.828 155.187
182.227 112.558  112.49
174.925 108.147 130.913
176.565 126.888 126.922
152.604  80.146 96.4584