104.311 198.404 111.504
96.3241 62.6877 104.581
120.22 110.905 180.085
72.2127 140.209 130.402
110.217 203.971 117.687
119.844 182.276 121.275
119.84 157.217 151.221
118.88 129.949 155.976
122.674 105.609 149.355
117.258 100.373 124.307
123.077 67.2584 138.231
80.1914 161.546 127.53
82.8635 172.801 109.078
77.7172 176.786 122.801
94.2881 179.033 151.435
118.457 168.512 158.727
90.2095 140.046 117.142
92.1779 153.592 115.849
89.4472 61.0972 122.606
112.25 57.6336 143.823
91.4937 92.585 98.1858
116.732 76.8484 113.334
99.0691 126.816 92.7911
98.9442 176.59 103.036
81.2003 82.9267 150.947
71.7989 114.535 143.437
104.988 84.8664 169.62
82.5913 124.765 167.945
85.118 140.596 163.559
121.73 87.7757 159.331
121.754 174.198 99.5765
115.224 149.986 107.441
81.6933 127.962 124.383
69.4741 135.902 114.125
81.8259 146.882 100.422
72.5994 110.372 131.288
73.4036 105.035 96.8444
67.595 115.304 105.392
89.3529 172.698 117.714
82.8188 170.061 129.447
86.2135 114.717 136.512
116.981 49.1208 115.151
79.0941 142.858 82.2111
113.488 82.0212 124.037
90.7212 128.122 162.332
111.644 106.504 164.12
97.8764 164.802 111.296
87.0692 132.331 115.592
93.6292 155.454 129.681
84.4474 118.776 92.0267
105.054 66.4971 112.39
89.3851 173.138 141.321
102.047 189.926 134.589
105.61 162.083 162.702
74.4596 99.5682 151.362
98.1575 88.8363 156.704
95.7718 61.2801 120.251
99.3115 63.0903 135.308
81.9736 80.3656 119.868
83.3065 95.127 103.47
97.9485 96.6856 106.278
86.3732 185.885 118.028
112.29 164.461 101.549
102.355 181.497 104.971
111.422 82.1323 139.988
122.543 117.104 135.568
88.8349 114.965 160.594
86.2388 154.132 145.224
99.5997 139.652 166.74
118.869 178.193 107.522
118.635 96.9327 153.839
75.8523 106.382 103.153
73.7152 107.448 121.264
81.507 120.737 121.745
105.177 82.5056 85.2437
-nan -nan -nan
110.161 152.076 127.034
101.452 145.353 119.696
105.414 140.273 117.514
100.089 121.56 105.076
100.033 136.029 101.908
116.074 155.577 110.491
-nan -nan -nan
143.871 154.269 126.129
153.041 146.613 118.926
148.411 142.125 117.148
154.168 124.089 105.745
152.629 138.534 101.441
137.972 155.861 109.689
147.923 199.619 109.211
169.745 74.5294 107.971
133.847 115.185 182.464
181.847 143.997 132.25
145.304 205.909 122.615
134.671 183.907 123.568
134.833 161.145 153.278
135.082 135.91 157.39
131.281 110.174 150.683
137.381 100.509 126.516
134.299 68.3366 143.565
172.668 161.475 125.811
170.999 171.598 110.714
177.183 178.481 123.603
163.806 179.465 146.995
137.051 172.466 158.263
164.234 141.951 117.428
161.36 155.701 115.56
172.14 74.4014 130.176
151.045 63.1124 146.195
159.887 96.8064 99.6105
137.972 84.3054 117.876
150.309 128.757 92.3581
155.298 176.812 100.36
176.017 94.824 156.2
182.152 125.338 143.762
150.736 93.3783 174.266
171.341 130.817 166.94
166.739 143.619 167.303
133.195 91.6889 161.376
132.005 174.258 97.7235
132.203 156.023 107.35
173.456 133.309 122.767
183.494 143.378 111.501
163.375 149.632 100.531
184.975 120.517 136.042
179.941 112.644 97.8384
187.518 120.365 108.518
166.368 175.883 118.542
170.157 173.337 124.1
166.298 124.907 136.096
142.787 57.2146 118.919
163.604 146.678 82.3108
145.151 84.3003 126.858
162.618 133.232 163.772
141.3 111.756 165.699
155.813 166.156 109.76
167.849 136.23 112.426
159.722 160.996 127.602
168.154 121.519 93.5944
150.455 70.3972 111.028
164.3 173.026 139.393
156.779 191.762 137.293
148.89 172.274 156.12
180.232 115.465 158.323
159.591 94.8269 159.526
163.004 71.3174 124.626
159.263 73.8216 136.819
172.359 88.5093 121.428
172.115 98.2601 101.075
157.635 103.557 104.825
170.93 185.842 112.922
139.693 167.258 101.144
152.265 181.526 103.235
146.491 84.6124 143.512
131.994 130.928 138.177
163.118 121.118 162.01
170.324 157.462 145.507
151.744 140.079 170.999
131.115 180.774 103.237
137.881 101.946 153.537
182.072 112.366 106.115
178.096 112.521 126.615
177.653 127.942 124.251
147.594 81.3205 86.8938
