103.752 197.719 107.891
92.3817 71.5551 128.741
118.835 129.424  181.08
 73.686 138.731 133.122
112.102  203.88 111.574
120.344 181.328 124.825
 120.04 164.016 149.789
120.223  139.53 156.795
124.012 116.959 154.462
121.357 103.401 136.992
123.859 77.1998 153.344
81.2048 156.624 125.766
84.6363 173.784 111.001
81.2271  174.38 119.879
 93.724 179.468 143.321
118.098 176.095 154.962
93.1271 141.222 119.233
94.6276 154.195 115.883
93.1279 73.2073 147.165
114.644 72.4976 163.056
92.9948 97.1574   117.2
114.933 80.1537 130.364
106.242 128.774 105.913
 102.21 177.259 102.247
87.8983 90.4099 162.221
75.0386 117.623 151.562
104.034 103.907 178.116
86.6965 131.871 166.902
 87.084 150.788 159.988
120.926 102.824 169.187
122.379 178.395 100.688
116.313 151.753 113.479
83.0934 129.807 130.831
73.4521  136.44 118.163
90.1083 149.683 105.445
73.2013 114.209 140.305
78.7222 106.991 113.648
71.6058 116.828 118.118
89.0767 177.196 114.629
83.5535 164.749  126.52
90.0817 118.592  141.88
113.627 57.4354 137.838
94.8878 144.191 91.1524
112.211 85.5443 139.423
94.6924 137.263 163.276
 115.75 122.146 163.053
100.284 165.975 113.057
90.0902 135.609 117.756
94.7208 152.464 129.531
91.4715 122.343 106.559
101.742 76.4045  132.31
87.8232 175.572 131.838
100.659 193.416 130.248
105.372 175.219 151.268
78.1148 102.307  160.48
98.2608 102.586 164.224
99.9763 69.1557 144.841
105.626  82.309 154.679
88.8409 86.1852 136.576
  84.48 98.6169 119.972
98.2051 103.916 122.215
86.9874 190.151 111.494
114.911  166.33 105.451
103.442 179.683  105.02
115.188 94.5266 152.392
123.226 131.181 143.772
91.3186 124.349 161.292
85.0729 155.783 140.855
 99.224 151.959 160.179
121.204 181.868 107.833
120.184 109.828 161.023
79.3204 108.995 118.305
78.3414 109.388 133.503
82.2039 124.147 127.803
107.198 82.1688 103.659
   -nan    -nan    -nan
113.085 155.452 128.326
104.201 146.781 123.151
 107.97 141.207 122.229
102.817 124.468 115.614
103.689 138.535 108.584
117.923 158.595 116.229
   -nan    -nan    -nan
 138.61 156.587 127.695
150.895 146.753 121.857
145.551 141.551 122.554
151.586  122.16  118.15
 150.89 136.977 109.592
134.888 157.439 115.994
148.722 198.356 104.971
163.977 76.0167 126.086
132.266 124.865  180.02
178.666  140.69  133.09
143.625 202.958 114.305
132.858 181.774  123.81
132.578 161.595 151.003
133.085 140.212 157.979
129.353 116.086 154.831
132.614  102.33 137.188
132.798 81.8085 152.204
172.187 159.955 125.749
170.491  177.72 111.947
 173.45 178.557 122.165
  159.4 181.119 141.516
 135.69 174.847 155.039
161.336 143.008 119.644
158.906 154.858 116.625
168.469 77.4794 142.249
143.905 78.2787 166.698
159.133 94.1741 117.959
138.053 82.6454 130.032
149.078 128.783 106.186
154.541 177.554  103.77
176.693 97.7826 156.612
179.635 124.551 152.509
147.549 102.918 180.198
  165.1 132.743 165.172
165.857 145.436 161.653
132.382 101.491   168.6
133.077 176.582 99.5325
132.147 155.129 112.768
170.816 133.502 130.441
182.666 137.133  120.27
163.671 147.888 106.808
 183.16 122.431 141.641
177.213 112.797 111.391
  185.4 115.573 122.386
163.176 178.187 118.353
166.966  169.74 122.587
163.035  123.48 141.865
149.673 64.5646  143.73
160.869 147.145 93.4061
142.357 89.3021 138.418
159.889 135.856 158.308
138.491 118.732 164.198
154.188  164.95 113.434
163.571 135.741  118.59
158.104 155.904  127.66
165.416 121.585 106.239
151.354 75.4256 131.414
163.483 177.092 132.717
 153.26 190.216 133.723
149.746  168.14 157.379
178.655 112.948  157.67
159.932 100.056 165.849
161.174 76.2871 140.572
152.738 84.5626 156.176
171.572  87.565 130.755
 171.41 95.6285 118.905
 155.88 103.966 122.313
168.295 189.903 114.945
139.798  165.52   106.4
150.648 179.096 105.689
141.707 95.3027 153.662
129.856 131.544 142.588
161.125 122.466 164.838
168.651 157.477 139.635
155.104 148.087 161.771
132.577 178.644 103.959
134.409 108.704  159.63
179.164 110.754  120.81
174.096 109.566 135.067
174.224 129.017 129.409
147.569  82.658 103.684