104.152 197.794 107.67
92.2153 71.6515 128.705
118.772 129.339 181.033
73.0935 139.14 133.16
112.053 203.933 111.587
120.318 181.384 124.831
120.05 164.046 149.69
120.202 139.465 156.759
123.965 117.929 155.551
121.567 103.383 137.234
123.911 77.0823 153.396
81.1861 156.278 125.784
84.4183 174.202 110.707
80.9096 174.525 119.887
93.8351 179.45 143.356
118.073 175.943 155.146
93.2982 141.388 119.254
94.5746 154.042 115.969
93.1604 73.1627 147.097
114.677 72.4839 163.133
92.8618 97.1913 117.116
114.983 80.1511 130.377
106.24 128.596 105.916
102.155 177.107 102.268
87.8113 90.481 162.272
75.1375 117.835 151.351
104.095 103.829 178.379
87.5671 131.495 167.762
86.9631 150.828 159.982
120.838 102.287 169.251
122.394 178.257 100.662
116.595 151.794 113.541
82.8808 130.008 130.542
73.6094 136.731 117.786
90.4127 149.405 105.552
73.1516 114.349 140.326
78.7881 107.125 113.545
71.6416 116.686 118.171
89.3694 176.922 114.874
84.9944 164.41 126.171
90.1437 118.573 141.96
113.819 57.3151 137.878
94.9431 144.096 91.122
112.37 85.5773 139.439
94.4654 137.269 162.865
115.732 121.981 163.16
100.129 165.843 113.045
90.1694 135.419 117.941
94.7683 151.972 129.851
91.4679 122.413 106.516
102.212 75.2962 132.395
87.813 175.6 131.893
100.829 193.748 129.91
105.032 175.619 150.733
77.855 101.851 160.679
98.305 102.415 164.364
99.9128 69.1557 144.95
105.64 81.9819 154.886
88.7351 86.4473 136.218
84.4927 98.7277 120.107
98.1645 104.048 122.041
87.2716 190.406 111.901
114.976 166.997 105.203
103.435 179.721 105.004
115.022 94.47 152.683
123.238 131.497 143.842
91.2476 124.312 161.406
85.1695 155.686 140.876
99.3301 151.926 160.471
121.186 181.952 107.82
120.228 109.859 161.103
79.0568 108.982 118.301
78.5361 108.958 133.807
81.8929 124.229 127.695
107.198 82.1688 103.659
-nan -nan -nan
113.085 155.452 128.326
104.201 146.781 123.151
107.97 141.207 122.229
102.817 124.468 115.614
103.689 138.535 108.584
117.923 158.595 116.229
-nan -nan -nan
138.61 156.587 127.695
150.895 146.753 121.857
145.551 141.551 122.554
151.586 122.16 118.15
150.89 136.977 109.592
134.888 157.439 115.994
148.722 198.356 104.971
163.977 76.0167 126.086
132.266 124.865 180.02
178.666 140.69 133.09
143.625 202.958 114.305
132.858 181.774 123.81
132.578 161.595 151.003
133.085 140.212 157.979
129.353 116.086 154.831
132.614 102.33 137.188
132.798 81.8085 152.204
172.187 159.955 125.749
170.491 177.72 111.947
173.45 178.557 122.165
159.4 181.119 141.516
135.69 174.847 155.039
161.336 143.008 119.644
158.906 154.858 116.625
168.469 77.4794 142.249
143.905 78.2787 166.698
159.133 94.1741 117.959
138.053 82.6454 130.032
149.078 128.783 106.186
154.541 177.554 103.77
176.693 97.7826 156.612
179.635 124.551 152.509
147.549 102.918 180.198
165.1 132.743 165.172
165.857 145.436 161.653
132.382 101.491 168.6
133.077 176.582 99.5325
132.147 155.129 112.768
170.816 133.502 130.441
182.666 137.133 120.27
163.671 147.888 106.808
183.16 122.431 141.641
177.213 112.797 111.391
185.4 115.573 122.386
163.176 178.187 118.353
166.966 169.74 122.587
163.035 123.48 141.865
149.673 64.5646 143.73
160.869 147.145 93.4061
142.357 89.3021 138.418
159.889 135.856 158.308
138.491 118.732 164.198
154.188 164.95 113.434
163.571 135.741 118.59
158.104 155.904 127.66
165.416 121.585 106.239
151.354 75.4256 131.414
163.483 177.092 132.717
153.26 190.216 133.723
149.746 168.14 157.379
178.655 112.948 157.67
159.932 100.056 165.849
161.174 76.2871 140.572
152.738 84.5626 156.176
171.572 87.565 130.755
171.41 95.6285 118.905
155.88 103.966 122.313
168.295 189.903 114.945
139.798 165.52 106.4
150.648 179.096 105.689
141.707 95.3027 153.662
129.856 131.544 142.588
161.125 122.466 164.838
168.651 157.477 139.635
155.104 148.087 161.771
132.577 178.644 103.959
134.409 108.704 159.63
179.164 110.754 120.81
174.096 109.566 135.067
174.224 129.017 129.409
147.569 82.658 103.684
