101.533 199.462 109.522
87.0928 67.0575 115.285
119.782 111.019 181.165
69.6141 133.567 128.506
109.516 207.385 117.279
118.481 178.981 125.624
119.445 155.035 149.368
120.014 129.096 154.455
123.38 106.857 147.512
117.414 98.1124 126.411
120.799 69.407 138.585
73.8076 155.765 126.305
77.8738 171.1 109.93
75.2221 172.789 120.455
87.9447 176.984 147.022
117.298 171.286 154.818
88.7213 139.13 115.459
88.9633 153.885 112.639
90.5416 63.4397 136.305
112.413 58.3004 146.206
89.4592 90.4688 105.338
116.347 74.859 117.22
103.146 127.11 94.4615
96.356 175.639 100.657
83.0341 84.8465 157.726
70.9496 111.559 148.12
109.43 85.9198 173.528
81.5561 122.34 167.328
83.4309 138.338 161.255
121.89 88.6462 155.344
120.246 179.559 101.051
113.954 150.292 109.16
76.994 129.444 122.337
68.8976 138.987 109.684
86.2153 151.551 98.5932
69.8596 110.406 134.625
73.4168 106.982 99.1945
65.8371 110.816 110.827
82.6585 175.22 115.845
79.3798 162.791 124.895
86.1752 112.685 135.185
106.495 52.8624 115.153
94.0362 147.291 82.6239
109.242 79.408 125.887
88.9582 125.833 158.903
116.35 109.844 162.115
94.2666 164.535 109.581
85.632 134.628 111.399
90.1227 151.368 126.825
85.419 120.982 97.7126
101.262 69.1582 110.473
86.6236 171.163 135.74
99.3312 192.448 133.246
103.976 169.042 155.141
72.7393 98.8857 149.739
99.6275 91.9682 159.864
97.1082 63.7926 130.435
100.739 68.9935 143.207
83.2782 77.729 127.829
82.1531 92.5774 111.138
99.99 97.5087 108.832
82.8021 182.76 109
112.48 166.776 103.319
99.4296 178.644 104.264
110.642 79.6738 140.868
123.468 132.152 136.431
87.4901 113.277 160.713
82.8644 152.624 147.335
97.8363 135.561 163.077
117.658 183.985 110.338
117.941 98.3094 151.756
73.988 109.216 106.827
75.4202 107.115 124.635
73.4434 122.158 122.133
101.399 82.6525 88.4489
-nan -nan -nan
109.242 150.875 127.045
99.0567 144.093 117.619
104.155 138.028 117.577
101.268 121.417 107.739
102.299 137.503 102.611
116.679 154.293 113.335
-nan -nan -nan
144.474 152.117 125.723
154.111 144.195 117.746
149.157 137.5 118.666
152.79 120.993 109.419
151.352 138.492 102.82
136.459 152.714 112.281
147.231 201.426 109.29
164.903 61.9581 110.09
132.997 113.968 181.136
184.314 136.044 126.097
143.585 206.186 121.539
134.407 179.418 125.392
135.926 152.666 151.213
134.86 129.821 155.892
130.89 107.071 146.138
137.892 95.5244 124.691
130.337 65.9314 129.74
177.823 156.912 121.428
177.302 178.938 107.184
178.611 173.874 120.323
166.383 176.666 146.777
136.976 173.098 155.24
165.217 140.798 113.853
162.434 153.729 112.143
162.085 61.2159 133.053
137.484 58.8306 145.851
163.039 84.7606 104.826
137.725 74.3551 112.44
150.52 129.792 95.9154
155.009 180.524 103.134
170.367 81.6006 152.169
186.055 110.306 145.647
144.47 88.5949 175.706
175.219 121.389 163.567
173.931 137.716 157.862
132.475 88.9501 156.609
130.713 176.121 100.709
132.692 152.477 110.928
177.729 128.026 121.892
187.77 136.807 111.469
167.903 149.544 100.473
187.658 110.591 133.935
181.222 105.344 101.574
190.019 113.368 110.456
167.86 172.564 116.458
174.218 164.714 123.508
168.547 116.558 132.645
138.573 50.2906 116.046
162.16 151.49 84.7257
146.223 79.5085 124.046
167.198 125.3 156.604
137.063 110.612 162.786
158.858 166.563 111.784
168.537 133.012 111.435
163.511 152.904 125.914
167.885 117.214 100.782
147.552 61.6699 105.755
169.408 168.479 136.58
157.092 188.638 138.562
150.467 164.579 158.138
178.308 96.1759 146.67
154.695 89.9152 159.427
157.025 59.6325 124.248
149.015 65.3236 138.05
168.877 74.144 126.515
172.523 89.3411 109.887
154.407 94.3779 109.714
172.202 189.678 115.752
139.257 165.852 104.459
152.729 181.753 105.523
141.443 79.5186 138.798
132.5 131.897 135.333
168.829 111.171 159.011
174.498 152.442 141.708
158.399 136.807 162.584
132.137 184.847 106.395
134.719 97.2846 151.003
183.936 107.255 108.151
176.571 102.937 123.996
182.303 122.827 123.182
152.456 82.6608 89.5284
