105.965 198.387 110.542
90.9308 65.1007 120.147
119.791 120.759 182.116
75.8997 136.604 131.444
113.793 207.871 116.596
119.927 181.349 126.229
119.77 160.236 153.233
120.038 136.394 159.937
122.952 110.939 154.222
118.939 101.425 134.941
123.957 70.0804 146.617
81.0911 157.115 122.301
83.975 177.417 108.979
81.3935 174.516 118.145
92.1095 181.886 143.151
118.92 174.436 158.647
92.9805 136.896 118.122
93.5944 152.595 112.595
92.0168 65.0943 141.545
115.523 65.8171 155.239
97.8112 89.5353 113.125
118.975 73.7855 126.37
104.982 117.281 102.102
100.516 173.182 102.806
90.837 86.5343 162.99
74.4298 114.478 149.052
106.579 96.8861 175.723
85.1016 132.288 166.977
87.1106 145.38 161.701
120.555 96.6731 165.272
122.871 178.454 102.385
117.445 149.175 110.346
81.2541 128.075 124.683
75.2559 137.359 109.318
92.3362 146.346 99.5933
72.1601 110.723 137.165
77.1605 98.6259 107.115
70.4361 113.042 110.211
89.1951 175.614 111.894
84.7866 166.131 124.777
88.3389 115.293 138.956
114.291 52.1519 126.666
96.2656 137.887 83.4188
113.654 78.2162 134.698
91.9882 133.878 160.477
113.863 113.54 166.58
97.4017 162.279 108.862
89.2637 133.139 113.663
94.3004 152.475 126.129
86.2201 113.395 101.327
105.775 68.6775 122.831
90.5125 175.699 130.708
104.84 193.745 131.454
104.836 173.319 155.67
79.8029 98.8147 153.4
99.3037 98.2679 161.41
99.1144 64.3936 138.521
101.272 74.1077 151.242
84.442 76.2254 133.319
86.3777 89.8987 117.375
101.285 94.7961 117.403
86.1907 190.639 115.567
115.809 165.682 104.104
103.666 176.941 104.486
113.927 86.5573 148.11
121.503 120.259 143.508
88.0558 120.035 164.167
84.0306 155.344 138.044
99.6344 146.198 163.106
119.798 182.748 110.206
120.349 105.116 159.953
75.3804 109.653 106.995
78.7419 104.025 129.327
78.3382 121.931 127.446
105.01 77.6544 97.9949
-nan -nan -nan
110.5 151.321 128.232
102.126 142.547 119.501
106.673 137.534 119.528
101.844 119.463 109.638
103.264 134.912 103.887
117.892 154.552 114.327
-nan -nan -nan
142.599 153.325 127.298
152.419 144.501 120.597
147.257 140.327 120.353
152.688 122.501 110.329
150.751 137.264 104.236
135.479 153.734 113.355
145.542 201.472 109.518
164.859 71.8676 117.278
131.602 122.156 184.027
178.52 140.231 137.2
144.803 207.159 121.438
134.713 181.533 126.494
133.13 161.088 154.255
132.941 137.843 162.554
131 113.377 152.825
136.489 101.078 134.481
135.981 73.8362 149.887
174.616 156.785 128.227
170.977 181.441 107.094
174.202 172.41 119.062
161.937 179.018 144.466
137.31 180.583 155.079
162.902 140.772 118.652
160.717 154.984 113.089
169.299 75.0056 141.601
149.727 71.3295 158.41
158.22 97.204 110.483
136.531 82.2698 128.1
148.657 125.748 98.1184
152.268 178.883 103.24
175.363 97.6909 157.89
178.057 122.451 153.186
148.403 98.5776 177.566
165.284 133.79 171.064
165.619 147.91 164.495
132.773 96.3458 165.611
130.464 181.228 101.144
133.457 151.427 109.684
175.028 135.522 125.473
180.348 144.264 110.034
162.438 148.692 100.452
184.131 123.237 140.63
176.224 109.669 101.111
183.423 118.482 111.378
163.756 176.144 113.678
170.847 164.276 123.527
164.933 124.223 138.351
144.733 59.4361 126.765
156.638 144.887 83.2023
147.63 84.5258 135.563
158.693 135.617 163.904
135.232 117.416 167.871
158.276 164.52 110.305
165.786 135.149 115.452
160.295 154.765 125.902
165.637 122.847 98.4104
149.711 74.6532 121.403
166.283 172.944 136.387
154.977 190.74 134.435
147.162 169.694 157.346
172.563 110.069 156.143
156.019 100.69 165.79
160.692 70.2303 133.724
157.998 79.8903 149.788
170.139 82.1632 129.414
171.399 94.0057 112.267
153.348 101.877 114.133
164.664 185.498 118.381
138.534 168.774 104.192
151.111 178.992 104.419
144.548 90.9677 151.037
132.352 129.631 141.586
161.167 122.465 167.837
166.6 155.585 144.956
150.059 144.919 172.411
132.204 182.489 107.954
134.212 105.777 157.052
179.417 119.259 103.746
177.118 109.597 129.629
177.452 130.774 128.167
149.226 80.5394 96.7102
