104.137 200.066 109.884
96.1669 64.0451 114.563
119.124 108.786 179.841
70.4303 133.337 134.201
113.644 206.029 115.98
119.69 180.716 126.267
118.895 157.457 152.172
118.989 129.87 158.157
122.623 106.432 148.381
118.26 98.2088 130.682
123.124 71.8647 139.66
76.0634 152.34 128.033
81.9163 171.645 110.47
77.9676 172.292 122.066
91.5033 179.161 145.126
118.63 168.962 156.967
91.3546 138.856 117.455
90.4461 153.052 114.608
94.3758 63.1975 137.002
118.169 62.8458 149.84
92.6938 87.212 109.449
118.467 72.8819 120.162
99.8128 126.653 98.2848
97.8299 177.421 102.235
78.7131 82.3979 147.474
73.1019 111.028 149.794
100.138 87.4068 170.132
84.4816 121.38 166.734
86.4349 136.191 164.508
120.303 90.2121 161.449
122.638 175.941 100.477
115.572 150.42 110.451
80.2665 125.629 125.074
69.5898 137.098 114.012
85.0011 148.576 101.616
68.6475 111.08 136.464
72.6015 103.202 103.449
63.3368 115.754 110.444
85.1081 175.185 117.23
80.5393 160.614 129.191
85.034 111.812 137.246
111.367 51.2627 121.524
86.5729 149.156 87.1466
110.36 77.9908 128.504
91.2699 125.292 160.12
111.962 106.038 161.719
95.3727 164.682 111.342
86.1616 132.279 114.106
90.8568 149.56 129.024
83.8438 118.712 101.596
108.788 68.6216 115.703
86.1387 173.901 134.467
101.084 190.564 135.587
103.878 164.976 160.959
71.2365 97.7872 146.584
94.972 88.1549 157.27
98.6903 60.7455 132.869
105.581 68.2471 146.504
85.1913 76.0036 126.536
83.0579 85.5628 115.063
99.5917 98.4853 110.894
84.9743 187.936 114.55
112.608 166.646 102.897
100.983 181.75 104.616
112.729 81.814 146.645
122.916 133.248 138.693
88.9737 109.781 159.806
82.7532 148.987 143.82
97.6525 137.857 166.128
119.816 181.899 107.439
118.279 98.2019 154.493
69.9739 111.86 108.303
72.7935 104.435 123.996
77.3698 119.091 123.577
103.39 84.833 93.7998
-nan -nan -nan
107.566 152.167 129.609
99.0906 144.551 119.681
104.419 140.285 119.115
99.0726 124.583 107.527
100.787 138.294 104.453
117.415 155.887 114.625
-nan -nan -nan
144.01 152.242 129.421
153.627 143.592 120.048
148.443 140.08 119.425
155.205 124.131 108.189
152.27 139.132 104.293
136.449 155.572 114.048
149.735 201.073 108.963
164.651 71.1075 116.186
132.864 111.568 181.238
182.351 136.73 133.319
144.338 205.583 122.798
135.668 180.953 126.639
134.217 155.05 154.906
133.749 129.966 158.196
130.789 108.201 149.074
137.992 99.6756 128.402
133.305 71.7725 138.197
175.409 152.743 127.442
171.147 167.279 115.102
178.068 171.355 124.484
164.315 177.153 146.726
136.764 168.723 159.241
164.068 141.013 115.798
159.263 154.058 113.968
170.695 71.1037 133.322
145.195 65.7829 150.716
163.224 92.6339 105.908
137.77 78.4776 119.372
150.705 126.225 96.8964
157.221 176.541 102.449
176.183 89.3472 151.252
182.169 117.32 148.614
148.344 88.9758 172.689
168.778 123.258 168.381
165.219 136.575 167.182
134.034 90.5199 158.795
131.676 178.737 99.6968
133.52 154.358 110.411
177.079 131.413 122.974
186.872 140.911 114.258
162.287 150.561 100.53
184.893 118.017 134.018
180.674 110.635 98.5983
190.654 118.793 109.323
168.219 169.99 124.222
169.326 160.791 127.217
167.118 119.252 134.588
146.703 55.9225 127.744
160.942 148.586 86.4152
147.012 84.2325 128.264
162.42 126.365 161.572
138.794 107.333 164.299
157.1 166.305 111.979
168.746 138.638 109.556
161.402 153.638 129.506
167.162 121.933 96.1179
152.751 72.3866 116.737
168.954 163.624 142.089
157.252 187.786 136.115
149.955 166.462 158.835
178.151 105.279 148.979
159.224 90.3436 158.629
160.916 67.0655 128.708
157.979 74.295 142.211
178.011 85.8915 122.526
173.387 97.0299 109.283
154.544 99.0017 111.02
169.228 179.119 117.256
140.311 166.992 103.427
152.476 181.371 104.175
143.49 83.3886 144.008
133.14 131.381 139.606
163.524 114.727 161.007
167.391 148.231 147.579
153.401 134.127 168.682
133.662 180.619 105.53
135.127 99.1212 152.757
183.925 113.43 105.166
180.903 108.264 125.755
180.211 126.922 121.051
148.602 84.251 93.6866
