106.956 196.078 107.725
98.3916 77.0757 116.919
118.239 123.687 180.554
75.7695 137 131.054
114.431 205.364 112.226
118.776 181.518 124.449
117.638 165.21 147.617
118.437 144.852 157.692
122.768 121.723 152.489
123.597 108.925 138.03
122.446 71.296 143.567
81.1095 157.516 122.07
86.2504 173.832 107.805
82.3479 175.123 117.544
89.8315 180.414 139.797
116.229 175.466 156.091
93.0572 137.233 116.8
94.5306 152.247 112.753
92.2032 64.978 129.158
115.946 66.8234 153.34
99.1684 105.96 105.708
111.273 84.9203 124.265
101.238 141.126 106.583
101.681 171.609 102.748
87.8299 82.9787 155.349
75.6407 113.894 147.726
105.357 97.76 172.463
87.1759 130.292 166.215
87.4778 144.518 161.841
118.184 98.1833 162.018
122.276 175.347 103.186
117.203 150.32 109.781
82.2843 126.329 122.839
75.2621 134.842 110.731
88.874 145.913 99.5857
76.4654 111.621 132.534
82.6456 113.318 95.6929
73.2121 110.56 108.327
92.0304 175.019 112.76
85.1419 166.165 123.6
90.3339 116.24 136.633
117.704 56.0584 123.512
99.0295 140.742 84.2341
111.739 81.147 134.032
90.761 134.739 158.002
115.048 122.265 162.675
99.4614 162.801 109.952
89.4372 130.822 114.193
94.6829 153.047 124.944
95.0032 122.487 93.5639
99.1061 90.202 119.848
91.3593 175.886 129.546
105.782 200.132 127.064
102.759 172.772 151.287
82.1419 97.3645 146.974
98.7345 94.5512 157.904
98.5721 59.1809 130.4
100.827 69.5108 145.765
85.6284 80.5921 125.459
86.6983 105.487 104.963
105.943 104.729 113.198
86.9307 189.386 111.554
115.316 162.106 104.027
104.103 177.261 104.844
114.493 89.7334 143.386
123.167 153.224 138.943
86.8636 119.267 160.814
83.7294 154.812 137.521
98.5104 146.216 160.936
119.434 182.681 109.996
120.165 109.562 157.116
78.9972 115.372 99.9426
80.1138 101.883 126.108
79.0066 121.33 125.422
106.26 77.675 96.1524
-nan -nan -nan
109.328 150.402 127.434
101.716 140.845 119.821
106.672 136.913 118.818
101.796 119.437 107.665
103.026 135.246 102.366
117.578 152.265 112.796
-nan -nan -nan
143.098 152.194 128.164
152.426 144.85 119.999
147.681 140.106 119.476
152.881 123.033 108.617
151.027 137.229 102.853
136.072 154.029 112.853
142.889 201.339 110.24
166.398 74.0262 116.354
133.984 122.196 182.682
178.501 139.084 137.975
145.873 205.489 122.138
135.371 181.312 123.381
133.741 158.786 153.044
133.774 137.348 161.503
132.064 112.571 152.626
137.139 100.475 134.507
137.968 73.9531 144.96
174.394 156.955 128.931
170.402 180.016 109.071
173.046 172.504 120.374
162.389 178.88 141.634
137.742 177.833 155.453
161.663 141.299 117.506
161.107 154.936 113.911
170.619 75.7714 138.182
150.741 70.0114 154.17
159.606 99.4777 109.072
139.974 82.6158 125.827
149.986 123.377 98.6847
153.403 178.372 104.95
174.595 93.8856 157.036
179.851 120.105 151.326
149.258 97.2394 174.664
162.534 130.032 167.462
164.099 146.342 165.462
135.295 95.7613 165.996
130.687 177.5 102.724
132.68 152.556 110.75
175.057 134.742 124.602
180.503 140.63 111.495
163.893 147.202 100.112
182.292 122.685 137.646
176.937 109.669 102.231
182.866 114.37 112.181
163.504 175.845 114.619
169.139 164.017 125.139
164.326 124.163 137.213
146.469 60.5604 123.451
157.434 142.598 82.7167
149.024 83.2371 133.98
159.039 135.285 163.248
137.425 117.303 165.357
157.601 165.112 111.695
165.295 134.618 115.029
160.347 154.494 126.064
166.281 122.542 98.8782
154.129 76.0971 120.438
163.333 172.648 135.05
153.509 188.4 133.524
147.781 170.563 154.257
171.701 108.873 148.182
158.59 96.1281 162.355
164.078 68.5775 129.677
158.877 77.2867 144.34
169.162 83.6372 129.508
170.765 94.242 112.171
154.458 102.254 112.544
164.071 185.017 117.919
139.653 162.27 105.923
149.92 178.559 104.927
146.55 90.5262 148.993
133.445 127.457 140.751
161.839 119.548 167.306
166.966 155.372 143.8
150.978 149.244 169.111
132.969 187.211 109.57
135.235 104.533 156.235
176.92 114.817 105.939
176.817 108.952 128.511
177.479 130.426 126.483
150.51 80.7626 94.6003
