104.172 194.33 112.726
84.564 76.2501 119.488
118.465 110.429 179.923
72.9719 131.725 136.88
110.088 202.375 118.57
120.918 177.812 127.401
119.582 152.585 151.668
120.133 129.881 159.069
123.133 107.722 150.325
117.761 102.786 132.28
120.988 73.991 144.912
81.3136 149.019 129.531
85.6039 163.865 112.219
84.0608 167.243 127.294
94.2775 170.686 148.852
115.205 168.119 157.681
90.8501 137.318 118.929
92.6562 150.161 116.744
87.8831 72.5928 135.973
110.995 66.9738 152.169
87.078 92.3777 107.547
115.77 82.209 123.837
101.084 126.764 100.805
98.7284 173.78 105.107
74.7651 84.7179 150.241
71.3821 111.02 151.608
100.406 88.8105 170.406
83.3015 118.265 170.716
88.1058 131.447 166.319
118.935 93.1274 161.606
120.136 177.828 103.546
120.12 153.505 111.985
78.2749 126.539 127.513
69.1445 137.778 113.171
91.8327 147.345 98.2568
68.2738 113.996 135.999
72.8695 113.815 103.066
66.1865 111.871 112.888
92.6034 167.082 119.461
89.8514 160.238 129.765
85.6579 111.136 137.875
108.843 59.2471 126.732
88.1969 146.637 87.3716
107.311 85.6262 132.082
92.7187 120.138 162.505
112.58 108.321 163.587
98.6829 161.366 113.726
88.4759 130.806 116.515
94.0708 145.295 130.92
84.6525 121.434 98.6841
100.731 75.5626 118.028
92.7266 165.5 137.161
104.945 181.62 134.565
105.284 160.724 156.521
74.5162 99.1965 151.741
90.4182 90.8151 156.821
94.381 71.3586 132.576
99.1272 75.5058 147.416
85.2092 91.0856 128.236
83.174 98.6058 113.026
98.58 99.9208 114.139
90.5651 176.648 117.82
112.76 166.96 103.669
102.663 175.458 108.335
105.736 88.3283 147.695
122.896 125.344 140.731
88.9882 109.699 162.992
85.9623 141.204 146.584
100.472 133.034 169.25
118.493 181.66 111.695
117.446 101.862 154.69
74.8179 108.547 113.362
70.4894 106.675 126.134
75.3019 121.474 122.776
105.511 91.0336 95.736
-nan -nan -nan
112.737 151.37 128.577
101.001 141.582 121.69
106.582 139.775 119.432
99.7634 124.027 109.476
101.753 138.994 104.366
117.837 156.824 113.008
-nan -nan -nan
143.589 153.753 127.598
154.362 146.052 118.992
148.89 141.743 118.317
156.135 125.18 108.165
153.909 140.495 100.94
137.009 158.611 113.099
147.926 197.289 112.978
168.602 78.0621 116.556
138.429 114.41 182.515
182.863 136.034 131.966
141.773 202.743 124.917
135.624 179.852 128.887
136.029 156.681 150.5
135.808 132.475 157.475
132.161 112.298 150.337
139.093 105.58 129.872
134.055 80.0012 145.552
174.787 155.854 128.398
172.241 168.168 114.227
170.981 172.389 130.611
160.333 173.609 146.002
138.656 167.136 158.9
164.543 143.423 115.801
163.49 153.802 113.414
169.452 78.1989 133.007
147.221 72.9953 153.065
164.422 97.5265 106.188
136.239 86.8933 122.975
154.381 132.557 96.7481
154.944 176.217 105.476
180.426 94.4318 147.66
183.576 115.391 150.553
155.697 93.0156 169.769
173.276 122.93 165.447
168.085 138.021 161.077
137.318 95.1906 163.228
131.244 175.908 103.681
134.114 155.224 111.972
178.498 135.581 119.616
185.346 134.66 115.798
164.898 146.326 103.104
181.657 122.346 134.11
179.164 109.62 103.577
187.978 116.135 110.806
164.805 168.915 123.91
169.222 163.623 129.743
166.79 123.715 134.03
145.378 64.6054 127.804
171.239 145.206 87.3527
147.624 92.0975 130.329
162.373 124.949 159.327
143.569 113.163 162.869
157.866 164.501 111.303
166.073 135.154 114.247
162.011 152.482 126.059
168.369 120.096 96.0029
151.753 77.8679 117.429
161.138 169.048 138.262
149.321 186.95 134.883
148.262 165.963 153.177
181.092 104.901 151.904
164.426 96.6462 156.487
160.288 78.5579 131.744
157.059 80.5768 143.556
171.69 92.1659 122.637
172.453 96.0443 109.636
155.12 103.578 110.342
164.995 176.831 119.465
140.295 165.984 105.454
150.551 177.289 107.746
149.95 93.277 147.341
133.556 126.393 138.418
163.473 113.002 163.863
169.092 149.577 140.487
156.773 139.613 164.082
132.496 180.843 109.741
136.688 106.344 156.542
178.115 106.604 112.112
181.216 107.639 126.755
179.642 131.488 120.71
148.171 90.9395 95.101
