106.039 202.325 110.061
95.3151 57.9602 114.142
119.739 120.931 177.742
76.7568 135.436 131.601
110.695 209.573 118.394
120.507 186.997 126.465
119.938 162.102 149.119
120.104 134.85 153.515
123.408 107.672 148.542
118.665 99.8162 129.164
123.571 62.0287 137.024
82.7072 159.629 127.161
87.1474 173.914 110.162
81.5144 177.956 122.386
92.9802 181.918 144.887
118.357 174.528 154.372
95.2329 141.415 114.6
94.9911 155.777 115.788
94.051 57.88 135.588
116.79 56.5512 148.49
92.8531 86.5381 109.374
119.412 66.9162 115.334
102.396 124.495 100.071
100.977 180.504 103.143
90.4499 77.1382 157.319
76.6102 109.317 144.532
107.386 92.8225 173.55
84.0915 126.984 163.309
85.3399 144.007 159.325
122.145 93.0212 155.329
122.249 184.538 100.716
117.686 154.405 109.503
84.7159 125.01 126.423
74.6065 131.62 114.101
91.964 149.259 98.9878
76.3506 105.946 131.906
77.1291 108.671 102.884
72.8027 111.071 113.412
91.1917 176.454 117.236
86.8307 169.099 128.827
90.7918 113.302 134.733
114.305 43.7739 123.651
90.6094 145.322 86.0761
111.695 74.9898 127.008
93.304 130.586 158.494
114.661 113.722 161.293
99.6817 166.988 112.072
91.3529 132.557 114.695
95.9057 154.875 128.136
88.5457 112.453 102.087
105.397 60.0843 116.067
91.3262 175.634 135.117
102.266 192.478 134.967
104.138 172.71 155.492
79.0472 96.1006 152.009
100.556 89.3205 158.785
99.7672 57.2098 131.471
105.578 63.5732 142.6
85.5911 71.5717 123.198
85.1109 85.8599 113.991
102.032 90.7965 112.219
88.3885 187.108 115.374
113.528 165.834 104.068
103.52 183.2 105.612
114.352 80.5659 143.168
123.205 116.466 139.373
91.1937 113.462 158.533
87.6456 153.844 144.884
97.5929 142.781 162.704
120.668 184.507 108.528
117.654 99.3426 152.812
78.3958 101.218 112.243
83.8226 97.9444 129.271
82.1574 117.822 124.519
104.475 85.5484 92.8928
-nan -nan -nan
111.999 155.179 125.737
103.188 147.391 118.578
107.361 142.129 117.514
101.571 123.957 107.892
102.402 139.499 103.891
117.753 159.352 112.527
-nan -nan -nan
142.672 157.376 126.028
151.266 148.556 120.433
147.246 142.355 118.923
151.769 123.951 108.256
151.831 140.346 103.063
135.974 159.343 113
147.267 202.767 106.534
164.382 64.8304 120.694
133.926 123.393 178.695
177.489 135.313 133.687
143.404 208.481 118.232
134.434 187.236 127.282
134.525 162.214 151.602
133.876 136.667 157.704
129.935 110.486 150.227
134.644 99.0926 129.95
132.541 68.4919 141.508
173.668 157.139 127.433
169.458 175.305 113.622
173.095 174.824 125.316
160.525 179.995 146.906
136.283 179.558 153.064
160.17 140.741 117.424
159.334 156.01 115.37
162.416 63.7371 139.883
139.398 62.8229 155.459
158.988 85.2001 108.626
137.403 78.1703 120.575
147.395 128.062 98.0505
153.748 180.298 104.185
172.278 88.5684 155.85
178.571 116.17 145.08
145.239 95.7138 176.061
170.304 127.367 165.048
166.049 142.401 162.899
132.028 94.4742 161.998
130.383 183.284 100.175
132.431 158.318 110.405
171.554 129.923 124.038
180.511 131.129 117.976
159.82 149.387 103.02
180.886 113.771 134.323
170.334 110.627 102.271
179.947 112.726 112.955
163.946 176.514 119.172
168.027 168.032 128.767
163.016 121.01 134.809
143.347 52.0994 126.167
161.031 148.945 86.9335
145.171 82.0989 130.572
161.286 130.818 159.651
137.898 114.804 163.578
155.671 167.194 112.866
162.547 134.635 113.206
159.701 154.842 128.167
160.673 118.969 98.3984
151.53 67.0417 118.269
165.943 171.782 140.034
154.86 189.941 137.46
148.373 170.555 157.705
175.979 104.997 150.132
154.965 92.7178 163.199
158.182 61.8374 134.893
149.11 67.0659 150.016
167.89 79.0256 135.974
167.536 85.8956 111.624
151.911 96.5125 112.746
166.986 187.025 118.632
138.792 166.504 104.856
150.151 183.059 106.726
142.998 83.9554 148.238
131.289 136.509 140.171
163.499 117.127 158.911
165.447 153.47 144.94
154.901 142.071 165.381
130.673 189.507 107.249
134.708 102.632 153.922
174.672 104.859 110.87
170.639 103.369 131.28
173.905 123.316 126.055
145.255 83.9716 93.548
