107.287 199.967 108.303
88.8529 63.1955 107.926
119.115 111.937 179.728
74.0534 136.761 130.169
  112.4 207.568 114.116
119.807 185.881 125.602
120.397 163.061 153.113
121.495 135.802  160.54
122.836 104.869 149.934
120.161 95.4848 126.044
121.333 59.6066 139.461
 79.635 158.565 128.758
86.2255 181.343 112.015
82.1077 176.211 121.235
 94.339 180.876 148.571
118.644 173.803 160.475
91.3782  141.43 116.068
93.3824 156.949  113.65
90.8982 58.1284 127.641
109.421 55.7711 144.736
90.2529 91.7028 102.437
114.803 71.3237 114.065
105.471 127.422 97.1038
100.189 178.711 102.428
85.7645  78.619 152.699
73.7496 110.525 145.473
108.842 84.6003 172.153
84.7775 122.995 166.076
88.8316 139.461 165.178
 121.02 89.1282 158.761
 121.97 182.137 101.158
113.849 151.628 109.034
 81.328 129.829 121.052
71.7674 135.854  111.17
89.8468 150.682 97.3674
72.3479 107.438 133.303
77.3084 107.009 98.0967
69.4886  110.02 109.215
90.9717 182.746 115.756
86.4264 166.106 126.917
88.0243 114.074 132.819
112.036 48.0174 111.039
88.3687 144.074 84.1177
110.323 72.1063 124.183
91.6413 127.349 159.689
114.666 110.835 163.774
97.4291 168.687 110.429
89.0533 134.297 112.066
93.4693 152.648 128.288
90.3107 117.644  94.629
97.3661 66.1932 109.563
89.8417  174.87 136.808
103.381 191.876 135.783
106.259 173.249 159.173
81.0246 94.7541 151.111
99.5681 87.5248 158.786
96.4399 57.1123 122.009
99.6913 64.1799 136.861
86.2271 72.6305 122.012
84.5706 91.8501 109.031
99.1321 95.8042 106.729
92.2314 193.179 118.703
 113.57 164.798 102.867
102.241 182.896 104.784
112.572 79.5367 136.496
 122.24 118.317 139.974
90.1003 113.723 157.314
85.6469 151.539 147.794
100.834 142.272 168.591
118.885 181.325 108.141
 117.51 97.1622 153.673
76.7437 103.987 106.463
78.8313   101.5 124.875
76.3034 124.348 118.996
105.392 83.4064 87.0401
   -nan    -nan    -nan
108.413 152.909 131.582
101.051 144.392 120.837
105.882  140.88 117.421
100.006 124.419 104.909
99.8286 139.555 103.241
117.287 160.026 111.746
   -nan    -nan    -nan
 143.46 153.385 128.724
152.081 145.806 119.055
147.525 142.132 117.476
153.562 124.479 106.143
151.557 142.023 101.468
135.718 159.997 111.318
147.528 200.572 108.532
 169.96 70.5429 108.715
133.746 113.102 180.212
 179.06 136.675 128.485
143.976 205.493 120.967
135.592 184.923 129.222
135.834 158.347 155.341
133.715 136.445 161.696
130.236 109.121 151.293
132.832 96.3499 126.882
134.731 65.5813 140.012
175.064 155.817 126.497
169.528 180.237 110.801
173.111 173.964  119.74
162.717 176.405 146.031
 139.76  174.15 161.408
162.369 142.656   114.7
159.903 155.178 114.048
166.838 64.2149 132.536
144.936  60.144 148.281
160.394 93.5677 104.132
138.165 74.7674 115.765
149.057 127.031 97.3684
154.404 178.912 102.546
171.295 85.4648 154.518
180.951 115.138 146.294
146.507 88.5963 174.144
168.599 126.311 164.008
 165.64  138.63 163.665
132.729 88.9527 160.925
132.953 183.689  101.15
132.274 157.864 110.123
175.181 130.344 119.092
186.134 132.272 113.878
 164.32 150.882 100.159
183.709 111.997 134.668
178.352 104.366 99.5275
186.275 111.443 109.886
163.301 178.814 116.546
168.792 164.988 124.368
165.602 119.758 132.574
149.562 51.8483 117.132
 165.12 150.127    85.3
145.523 79.9574  126.17
160.942 127.961 158.923
138.801 110.415 163.154
155.323 166.557 110.942
166.809 135.277 109.862
  159.8 154.785 126.221
166.089 118.759 95.2049
155.494 68.0748 112.032
164.677 170.717 136.295
152.737 185.688 136.457
149.856 165.704 162.774
172.163 103.249 152.954
  156.3  91.105 159.759
160.144 61.1956 124.136
153.747 68.3938 141.608
169.716 77.6871 128.372
169.367 92.6643 109.408
155.678  100.52 108.433
165.846 187.203 117.661
140.706 162.785 105.057
152.776 180.555 104.983
142.342 83.9983 143.074
130.951 130.584 139.701
162.217 116.694 157.715
168.288 150.947  142.88
154.271 139.649  166.52
133.001 185.144 107.524
133.894 98.0117 154.245
180.811 109.567 103.701
174.403 100.878 126.789
178.101 124.109 122.299
  148.5  84.165 87.0129