103.719 199.661 111.713
89.5193 68.7774 116.65
121.783 119.143 182.591
74.613 136.799 135.115
111.749 206.652 120.174
121.113 181.975 127.05
121.21 157.574 153.154
120.874 132.285 156.974
124.309 109.043 151.37
121.241 99.4741 132.827
123.156 72.8635 144.082
81.3952 156.182 122.736
85.475 174.422 108.124
79.5598 172.47 118.825
90.6773 175.066 145.893
118.093 174.018 156.372
93.4746 140.135 118.469
94.0418 154.254 115.166
95.16 62.1851 138.926
118.21 62.9214 152.374
98.0305 93.0839 109.734
119.392 78.2793 122.002
105.327 128.079 98.8612
99.5739 177.239 103.989
85.6313 84.4189 154.971
77.2688 112.871 153.079
110.525 92.2201 177.532
89.1145 128.159 170.05
90.5534 141.829 166.547
121.901 93.9387 162.432
121.721 180.747 102.802
118.516 153.624 111.699
84.3606 131.046 125.368
72.6045 134.96 116.125
89.3166 150.285 104.171
72.1114 114.886 137.252
79.9802 107.964 103.412
69.7801 108.366 113.99
92.6612 172.667 115.044
85.261 167.272 122.202
90.5791 116.343 139.67
112.809 53.3076 124.745
92.3609 147.466 88.8802
114.457 82.6125 131.237
95.6511 130.828 163.549
115.552 112.854 164.296
99.8672 164.775 111.5
90.8094 134.487 115.33
95.0181 150.664 129.041
89.5485 119.454 102.021
104.056 71.6636 120.88
86.8804 167.451 135.222
100.731 185.288 135.311
103.298 171.406 156.068
81.6798 103.87 153.816
99.2497 93.9439 162.443
100.346 61.9253 134.652
107.368 68.9284 148.844
88.0756 78.5466 129.598
87.9589 95.5685 113.012
102.667 96.354 116.623
89.1225 185.113 113.907
113.191 163.877 104.879
103.332 180.708 106.137
112.4 84.4154 148.278
123.294 121.501 138.843
94.2021 116.575 165.454
87.9792 149.34 144.912
104.5 142.175 168.407
119.884 182.288 109.32
118.668 100.476 154.556
77.4271 107.231 109.504
80.7256 103.136 128.645
80.948 124.22 126.278
105.99 84.4226 95.0194
-nan -nan -nan
113.027 152.849 129.091
103.279 145.794 120.231
108.042 140.693 119.94
103.301 123.873 109.696
104.433 139.913 105.252
118.459 156.779 114.157
-nan -nan -nan
142.65 153.554 127.959
152.523 146.105 118.606
147.496 141.624 118.899
150.725 124.311 109.782
149.631 140.384 104.684
136.004 157.29 112.937
149.441 200.901 110.79
166.172 70.5492 118.165
133.536 124.41 183.485
181.772 138.909 133.297
143.497 205.908 122.873
134.053 182.186 127.239
132.999 158.398 151.462
132.679 135.594 159.132
129.549 110.984 153.002
132.184 99.9329 132.2
131.977 76.0884 145.43
175.755 154.248 122.169
172.098 179.729 108.621
175.997 172.61 119.382
165.26 175.752 143.551
135.413 175.216 156.539
163.431 141.532 117.033
163.419 154.641 114.707
161.24 66.897 141.59
140.385 68.2182 158.461
159.7 95.0728 106.825
135.787 81.8668 122.133
147.146 130.275 98.0406
154.266 179.258 103.357
172.431 91.6321 154.916
180.412 117.34 149.478
142.305 94.2401 178.3
166.19 127.204 168.178
164.276 142.213 164.522
132.258 94.9431 165.215
130.514 178.801 101.974
131.69 155.763 111.897
173.522 131.581 125.386
183.289 135.891 116.078
161.202 150.934 103.963
181.485 115.924 136.625
176.117 112.897 100.962
183.551 112.711 113.029
166.657 176.701 114.935
173.041 164.328 122.338
164.732 121.488 136.89
144.911 56.1561 129.215
158.768 150.752 87.8011
139.68 86.7456 131.565
159.072 130.705 161.973
137.501 115.626 165.062
157.494 164.31 111.44
165.225 134.895 114.351
161.606 153.827 125.714
164.555 123.887 99.7177
151.712 73.7596 120.493
168.186 167.84 136.74
153.756 185.772 135.782
148.757 170.347 157.367
173.471 106.427 159.48
154.477 94.8133 165.197
155.533 65.622 134.805
150.153 71.2505 151.629
167.805 75.8139 132.05
168.298 98.6965 110.665
153.021 100.84 113.791
166.974 185.793 114.7
138.429 165.648 103.951
150.922 180.266 105.7
143.681 87.369 148.685
130.995 135.312 139.524
160.414 118.547 162.489
169.425 150.441 140.905
151.634 145.666 168.695
130.351 177.878 107.568
135.238 103.405 156.467
179.527 110.758 107.088
173.294 105.449 128.465
175.458 126.314 124.559
146.699 84.3479 94.8389
