104.139 199.468 106.709
87.7339 65.2654 111.468
118.567 110.223 181.542
74.3131 136.875 135.841
109.36 206.867 113.093
120.019 182.574 125.485
120.371 154.83 153.118
120.442 129.38 158.25
123.052 106.185 148.228
119.781 96.7006 126.418
123.668 66.022 137.352
77.4067 158.331 126.886
81.1844 174.394 112.965
80.6209 175.254 123.722
91.4267 177.467 148.454
118.438 166.667 160.526
91.128 140.537 117.551
92.2041 154.369 114.771
93.3551 62.3405 137.667
116.083 58.5689 144.668
92.6054 93.1624 103.04
118.804 71.8212 113.471
102.254 130.193 90.9555
98.1872 177.026 101.287
81.6366 83.9345 153.079
71.162 111.204 145.15
102.873 89.297 172.857
82.9196 121.441 168.667
86.5522 135.529 168.72
121.118 88.8616 160.227
122.765 178.587 98.5387
114.717 151.046 109.691
79.1263 128.782 126.27
69.8421 139.526 113.608
89.0997 153.806 96.9897
71.1372 109.865 133.575
72.8336 112.536 97.8894
67.2345 108.991 114.402
86.4735 177.113 116.802
84.3192 164.254 124.803
86.8561 112.755 135.642
110.525 49.5812 115.414
90.1617 150.906 80.3795
111.815 75.7351 124.18
91.4599 125.378 163.821
115.191 106.731 163.477
96.9638 166.138 111.253
87.8974 134.972 113.474
92.6362 149.561 130.229
85.0706 123.938 96.5044
103.984 68.1162 107.961
88.613 171.625 137.97
99.8639 192.661 133.345
104.6 166.813 159.962
75.7466 93.9932 146.932
96.1279 91.3047 157.325
97.925 62.3507 131.344
103.882 69.9625 146.947
86.9498 77.1793 126.286
84.9873 97.8851 107.163
102.46 94.8906 107.869
86.3563 189.256 113.601
114.565 163.731 101.928
101.975 181.048 103.348
113.207 82.2935 140.627
121.731 112.356 136.88
87.7465 111.709 162.548
81.8565 152.932 146.568
99.8943 136.704 169.17
120.955 182.658 105.954
117.773 97.9081 153.021
75.6347 110.695 108.402
76.8344 104.923 126.025
77.2723 126.08 120.592
103.848 82.2131 86.4435
-nan -nan -nan
111.465 153.129 129.419
101.163 145.454 120.484
106.129 140.338 119.454
99.38 124.945 105.843
100.984 139.908 102.448
118.02 156.646 114.368
-nan -nan -nan
141.625 153.549 129.051
152.24 145.829 120.102
147.415 141.289 119.331
153.994 124.714 105.677
153.313 140.737 101.803
136.534 156.76 113.17
147.709 200.04 105.936
170.869 68.6499 112.798
133.44 109.607 182.576
180.006 140.932 136.862
145.051 205.854 118.013
134.574 182.458 124.555
133.468 155.588 155.152
133.385 131.113 160.469
130.126 109.323 148.368
135.202 99.3483 125.892
133.821 69.4424 136.776
173.339 158.429 131.386
173.236 176.962 113.312
175.017 174.748 125.867
165.77 176.079 148.073
137.915 168.391 161.371
162.255 141.488 118.697
161.52 155.146 115.528
168.164 68.7967 138.157
145.096 63.0416 150.262
164.624 92.4516 100.988
138.082 79.5283 114.161
151.362 130.742 91.4457
155.732 177.761 100.77
179.272 94.5309 151.63
181.672 122.157 150.384
149.299 87.756 172.881
168.277 122.199 171.411
167.312 136.853 167.486
131.71 87.3429 156.66
132.433 173.879 97.641
133.365 154.183 110.094
170.854 132.761 127.871
182.355 143.687 115.92
166.144 152.682 98.7968
180.701 121.309 137.132
182.287 111.414 98.1438
187.812 119.684 112.022
166.561 176.132 118.883
168.829 166.312 128.541
163.738 121.212 137.927
146.077 53.7536 117.275
163.785 152.746 81.9817
142.657 82.4084 124.263
161.175 125.401 165.01
135.283 107.301 165.111
158.224 165.583 111.264
164.903 135.03 115.426
159.971 154.145 129.321
167.85 120.971 97.9873
156.768 70.8571 109.59
164.964 173.093 137.45
155.596 191.548 137.526
151.12 162.413 161.539
177.743 110.881 148.835
162.161 95.687 161.32
161.582 64.5208 126.453
153.422 68.1375 143.384
175.469 83.8326 128.364
172.679 98.4816 106.738
154.748 98.2627 107.472
168.689 188.892 112.941
140.917 163.371 101.515
151.684 180.427 102.892
144.504 83.0461 141.916
130.886 132.06 137.635
159.323 110.776 164.691
170.26 152.995 146.566
153 133.846 172.165
132.859 179.161 103.077
134.517 99.7445 151.394
181.466 103.076 111.249
176.95 110.209 127.192
173.335 126.946 128.949
149.34 81.9486 85.9069
