102.272 198.308 110.021
86.4513 66.4826 114.722
118.917 112.185 182.114
72.7715 137.972 134.283
109.227 204.578 118.162
119.844 180.044 127.177
119.776  153.63 154.501
120.066  130.13 157.509
123.194 109.558 148.995
119.651 97.2875 128.657
122.282 66.7449 136.639
82.4695  156.11 129.683
80.8456 165.343  115.53
76.2597 173.431  129.55
91.9145 174.879 150.211
117.449 171.686 159.134
90.1099 139.784  118.55
90.2338 153.186  117.07
91.2082  63.781 135.387
112.105 58.1612 146.932
89.6812 96.6162 104.734
115.811 74.0936 115.639
 100.18 130.387 94.5883
99.0084 178.043 103.065
85.0105 82.0496 151.034
70.9542  109.84  146.02
103.165 88.0768  169.42
84.7626 122.648  167.24
 86.813 138.089  163.91
121.038 90.4749 159.042
122.301 177.025  102.67
 115.59 150.939 111.902
78.5475 128.147 127.777
69.1102 141.475 114.041
85.6596 153.782 103.393
70.8547 111.235 133.649
71.2569 112.286 99.6636
62.6587 119.657 109.233
87.0081 168.604 123.211
83.4089 166.253 130.872
 87.628 114.279 134.192
107.997 48.9625 118.596
88.7244 153.429 86.0261
 112.53 76.9452 125.602
90.8903   125.7 159.671
113.865 109.299 160.476
96.1836 164.977 113.704
87.0708 135.739 115.071
93.6104 149.835 131.191
83.8744 124.374 101.192
100.284 68.2399 112.624
88.8296 169.296 138.304
 96.852 188.783 135.007
105.589 166.824 159.038
76.9287 95.9942 142.629
96.5381 91.2756 157.029
97.4509 63.7549 128.758
102.459 66.7325 145.545
84.3757 79.5026 124.913
80.1479 98.9241 107.725
99.4301 95.1948 111.533
83.4055 183.606 115.504
113.431 165.394  104.19
100.602 179.791 106.744
111.423 83.9984 140.588
121.673  127.27  139.76
87.0024 114.107 160.459
86.9031 150.296 148.526
101.296 136.797 169.861
119.494 183.535 110.852
116.681 99.2248 150.706
71.2682 111.575  108.21
73.6544 105.218  123.99
   75.7 124.918 123.066
105.302 84.8557 90.2754
   -nan    -nan    -nan
111.772 152.697 128.509
 100.57 145.656 119.216
105.423 139.624 119.436
99.7855 125.004 107.895
100.403 140.291 104.183
116.708 156.301 114.253
   -nan    -nan    -nan
142.809 153.238 127.851
154.133 146.183 118.105
148.881 139.845 118.876
154.814 124.086 108.011
153.434 140.705 102.899
136.533 156.147 114.064
149.736 200.829 111.264
169.557 67.5953  113.57
134.073 107.157 179.677
181.517 137.732 132.268
144.726 205.149 122.526
  134.3 181.813 126.356
133.637 155.389 155.069
133.719 131.895 158.373
130.066 109.417 147.055
135.147 97.6458 128.206
132.479 68.8817 138.063
175.983 156.023 129.574
172.621 175.092 111.359
 175.07 169.249 122.247
163.071 176.376 148.372
136.765 167.375 161.681
165.444 142.391 116.864
164.512 154.442 116.571
 168.63 67.3546 135.337
144.736 59.7774 148.023
162.655 93.4912 104.081
138.067 76.7039  117.04
154.829 131.899 92.6279
156.479 180.257 105.609
175.205 90.3889 151.673
182.912 116.537 146.288
148.795 83.4852  170.84
169.505 121.812 166.638
167.534 134.599 164.095
132.363 88.4576 157.753
132.781 179.176 101.514
131.869 155.458 112.548
175.769 129.604 124.681
187.881 135.852 116.314
167.618 149.902 105.091
185.976 115.333 132.158
182.674 107.698 99.1383
190.702 117.806 109.794
165.153 171.868 119.373
168.344 163.048 127.699
166.759 119.639 133.265
145.094 50.1708  121.58
167.151 154.075 86.5861
143.483 81.5174  126.52
162.139 124.155 159.577
138.664  107.84 160.733
159.009 165.618 114.282
168.659 135.367 114.859
162.058 150.588 128.983
169.613 122.797 98.9115
153.077 69.1763 115.773
167.344 168.686 139.905
156.671 183.972 137.444
149.653 165.327 161.003
 172.29 103.553 154.882
157.356 89.0211 159.903
159.408 65.8984 130.557
155.578 68.2665 143.244
171.351  81.492 125.675
174.153 92.5571 108.343
156.401 99.5872  110.05
169.045 181.351 120.547
140.652 163.438 105.443
152.183 181.004 106.713
144.027 83.2585 142.654
131.658 132.698 137.642
163.515 112.622 160.452
166.816 150.826  148.48
151.765 131.536 170.151
134.604 178.884 107.898
135.008 98.7728 151.563
183.653 109.537 107.385
179.642 108.633 124.628
180.245 125.107 125.673
147.981 83.0846  88.789