101.164 195.053 110.265
88.7894 70.4465 119.101
120.787 112.673 182.422
71.0503 134.865 131.294
109.194 201.857 118.934
120.491 178.122 125.905
121.495 155.732 155.511
120.115  131.16 159.799
123.757 108.123 154.287
119.221 98.6513 134.586
122.618 71.9165 145.442
77.7299 155.456 130.507
80.3355 167.278 111.052
 77.245 170.002 125.876
93.0849 174.574 149.543
119.139 169.464 158.552
 88.231 139.348 117.304
 89.671 151.679  116.36
88.3442 70.5509 139.185
 113.18 63.7362 153.237
93.8226 92.1264 108.467
117.567  80.835 122.248
102.081 128.088 99.0101
97.1857 175.465 103.398
84.2742 89.8668 162.785
71.1682 116.283 148.296
 103.17 94.1845  175.35
84.2925 127.661 166.032
92.0132 137.479 168.058
 120.74 92.3853 167.204
120.647 175.068 99.7173
 116.52 148.963 111.029
78.8933  130.12 124.392
70.0785 135.757   113.4
87.8322 149.437 101.111
73.4216  114.17 134.483
74.3215 110.153 101.917
66.5161 113.627 113.721
84.5335 169.707 116.771
83.4489 163.333 133.898
87.6617 116.528 138.582
109.708 56.5748 124.536
92.9624 148.268 86.6885
110.279 85.7897 131.265
92.1646 128.374 161.868
113.472 108.593  166.33
96.3067 160.606 113.232
85.5886  134.17 114.272
91.4688 148.963 129.731
 84.862 123.135 100.095
 103.95 72.2952 123.133
88.1908  169.33 138.159
100.526  185.86 135.199
105.873  166.67 159.427
76.1626  104.32 156.704
98.3182 97.8358 162.468
96.1951 69.0011 133.296
99.2529 73.4357 147.829
87.6496  87.125 128.824
83.7082   93.16  112.01
98.7312 99.3788 113.641
81.5199 179.512 115.336
113.858 163.819 102.904
100.187 175.849 106.069
114.003 81.9631 148.035
122.838 113.802 141.481
89.4773 118.034 161.145
86.7511 148.306 145.077
103.213 139.442 168.238
119.805 177.796 107.004
120.225 99.3516 160.359
73.8001 107.419  110.22
77.5749 102.656 132.668
76.0708 124.011 126.134
104.736 88.2498 93.7588
   -nan    -nan    -nan
112.372 151.192 129.914
100.881 143.378 121.233
105.484 137.618 121.189
100.139 120.187 112.382
100.756 136.062 106.584
116.807 153.668 114.536
   -nan    -nan    -nan
142.406 152.654 129.461
154.065 145.157 120.082
148.725 138.976 120.622
153.421 122.814 110.798
153.283 138.781 104.656
137.287 155.772 114.049
149.751 196.938 107.216
 169.47 77.5475 116.001
 132.82 117.165 181.782
182.094 137.737 128.204
142.821 202.791 120.265
134.072 180.995 124.753
133.496 156.295 155.122
134.432 133.487 160.997
129.962 109.933  154.23
135.475  99.876 130.599
131.427 74.4168 144.663
 176.88 158.079 128.885
174.773 170.596 116.407
175.127  175.52 130.902
162.916 177.533 144.401
135.269 170.061 157.005
167.366 141.827 115.801
165.377  153.95 113.813
 166.57 75.1363 139.665
143.395 68.7181 157.632
159.999 90.7231 105.684
136.072 81.1505 118.749
148.483 131.431 98.4257
 157.44 172.492 102.748
170.895 92.3106 159.186
 185.27 118.454 145.213
149.782 96.8914  176.48
170.608 128.942 162.993
165.532 140.461  165.91
133.188 94.4051 167.811
132.556 174.284 99.5278
 133.68 153.922 110.643
177.627 131.733 122.352
 187.26 135.856 113.029
167.564 150.223 100.872
184.947 116.117 135.422
178.825 108.896 99.1195
187.895 112.673 112.111
168.854  171.88 122.569
173.077 164.673 132.631
167.251 121.406 134.828
145.515 60.6678 124.631
162.047 150.114 85.8108
144.393 88.8941 129.491
163.403 131.177 159.247
139.041 111.671 165.576
160.462 161.925 110.846
168.605 134.812 112.639
163.634 153.484  126.76
166.732 124.695 96.9804
151.219 75.4587 113.764
 161.88 168.915 139.897
153.056 189.049 136.663
147.594 166.968  160.64
176.486 110.082 159.809
156.547 98.8403 159.381
159.419 73.5574 131.711
 152.32 75.9209 147.146
168.882 89.2352 128.322
169.954 98.5055 107.344
154.726 103.522 109.645
166.803 179.776 115.973
140.036 163.396 102.811
152.548 177.451 105.654
139.701 85.7467 148.174
130.782 132.986 141.083
164.863 120.093 158.677
169.033   151.3 142.682
 152.64 142.717 168.917
 131.48 180.418 105.276
 131.91 101.922 158.115
180.689 108.213 107.557
176.682 108.291 128.338
180.503 125.792 122.926
149.493 88.7932 91.2572