105.971 192.881 109.259
114.184 79.1119 122.186
119.665 141.058 176.193
80.8257 145.795 124.287
115.694 199.548 108.803
121.013 179.035 119.447
121.384 168.656 139.91
121.501 149.837 153.052
124.338 126.713 152.491
123.109 110.748 139.878
120.36 85.6056 158.766
84.8463 160.6 121.645
90.5405 169.029 109.554
85.27 176.451 117.013
93.1368 185.733 131.882
118.826 184.161 142.448
90.4692 140.145 111.142
90.9338 150.182 109.92
96.475 90.1218 157.61
113.247 88.2768 171.552
110.507 93.203 113.42
115.808 89.4669 130.105
103.528 122.768 108.993
101.524 164.291 101.601
84.2458 115.166 157.352
77.108 130.242 136.578
106.442 113.394 180.612
90.0464 139.612 165.918
94.921 161.163 159.408
121.311 113.332 166.019
119.165 168.303 102.252
118.962 149.36 107.426
93.1207 122.218 127.264
81.9722 128.411 120.332
86.7734 132.77 108.495
84.0017 116.182 134.14
90.8829 100.875 106.99
81.3106 105.379 129.179
92.1762 170.306 115
89.219 166.352 119.238
89.8439 124.536 133.421
114.778 75.4795 150.124
85.4112 122.293 109.473
118.939 92.8261 139.926
97.251 146.532 158.92
120.258 130.353 160.574
94.7564 157.947 107.038
90.5662 129.923 118.622
93.7628 153.1 123.934
99.2912 108.307 103.517
109.821 85.1158 122.853
89.2864 177.325 126.673
102.332 190.96 124.014
104.145 184.546 140.435
78.2909 121.982 146.255
98.3851 112.174 167.061
101.104 89.0235 156.237
104.039 101.481 164.897
88.6023 93.2373 141.624
101.824 86.488 113.063
100.852 97.5808 121.847
89.5176 184.671 111.588
109.531 152.413 100.649
103.695 171.861 106.089
119.62 101.688 153.817
124.055 145.055 139.732
90.2386 130.409 160.69
87.084 165.684 136.9
103.108 168.795 155.054
120.226 176.298 106.535
116.758 117.717 158.168
84.8468 102.669 124.244
82.1111 108.539 145.517
94.39 116.06 130.34
113.972 100.622 103.258
-nan -nan -nan
110.922 152.846 124.844
101.959 144.343 119.778
106.701 140.228 116.508
111.677 118.964 117.658
107.542 137.444 106.505
117.284 154.964 110.716
-nan -nan -nan
140.071 153.126 125.097
148.871 146.426 117.94
144.525 139.021 117.115
143.887 120.207 113.668
144.884 135.876 106.483
133.941 154.655 110.934
148.046 194.07 108.041
146.252 74.29 129.532
134.24 118.673 179.314
176.659 134.583 129.304
143.744 201.151 117.213
133.863 181.127 122.495
133.665 161.47 149.419
132.749 138.45 157.619
129.326 122.272 152.816
128.182 109.747 143.442
134.539 87.4931 151.264
172.297 152.612 122.609
165.741 167.721 112.203
170.673 166.884 120.665
165.337 168.773 145.579
137.075 173.004 153.818
160.876 140.114 111.387
159.226 149.424 109.623
150.77 76.9696 152.027
135.564 79.9222 162.702
136.748 89.1398 116.106
137.064 92.4367 127.627
148.459 122.095 107.49
153.398 169.25 103.907
165.479 93.9946 156.121
175.511 112.142 153.988
141.743 96.6079 178.194
167.929 127.298 164.033
163.915 139.114 161.708
131.198 102.556 170.259
132.328 175.215 101.482
130.133 152.208 108.86
168.876 123.278 126.938
179.925 122.058 123.244
167.786 139.221 107.295
175.036 110.12 140.5
160.288 96.3193 106.132
170.192 95.0507 121.433
163.601 169.382 118.556
167.446 159.803 124.465
160.322 117.902 135.078
133.397 77.2992 144.514
166.31 127.312 105.097
132.998 93.6335 138.146
158.569 129.111 156.622
136.227 117.482 160.417
155.877 162.115 111.674
162.649 129.833 114.02
159.159 149.364 124.967
152.663 102.942 104.353
144.841 81.4533 124.862
169.26 166.921 132.188
156.017 181.278 136.527
150.029 167.464 153.16
166.227 98.9763 157.355
148.035 97.9519 161.86
148.293 78.659 146.581
147.829 78.9221 165.77
157.803 75.2539 145.63
145.466 82.8405 112.198
150.015 96.5623 120.322
166.725 181.035 116.357
139.634 154.182 103.569
148.958 173.559 105.188
131.241 98.2742 152.966
130.936 154.203 139.354
161.623 115.573 162.712
169.405 148.689 138.043
151.986 141.314 163.272
133.345 182.523 104.568
130.722 110.926 157.041
162.532 86.2605 120.303
168.875 95.7078 135.925
170.004 117.844 125.181
139.045 102.756 101.388
