105.355 193.626 108.245
93.3514 71.1949 107.613
120.185 119.741 183.835
74.7185 136.213 132.621
109.899 201.569 117.471
119.433 176.911 126.361
120.244 156.128 152.056
 120.66 133.294 157.213
123.789 109.803  150.28
119.286 100.682 128.271
 120.85 75.8136 137.622
80.2921 156.031 127.126
82.9687 173.008 111.881
79.7877  172.68 123.538
95.1859 177.143 144.494
118.342 170.213 156.452
91.6573 137.353 119.154
93.5763 150.637 115.406
89.9497 68.9248 126.267
108.638 68.5002 144.734
91.2817 96.9413 101.799
116.529 80.4882 113.893
105.268 126.476 97.4252
100.332 172.095 103.405
84.5517 88.1354 153.538
73.0795 115.292 148.045
104.395 92.8225 172.744
86.2751 129.279 170.611
88.6894 143.812 164.984
120.629 95.0897 161.514
120.804 173.952 102.332
115.237 147.683 111.515
80.3347  129.51 124.674
70.8628 137.079 112.557
87.8515 149.032 102.273
68.8175 113.359 135.782
76.2338 112.753 96.7942
67.2592  116.64  109.61
88.3397 173.725 115.336
82.2923 165.187 124.563
86.9566 115.452 137.378
113.853 56.7644 124.757
95.1943  146.06 85.8342
111.216 85.0777 124.543
92.5946 131.397  162.83
114.493  113.62 166.393
98.3746 160.568 113.807
88.8948 132.033 115.956
 94.211 149.691 128.949
87.7404 121.038 95.9146
103.303  73.457 111.145
91.8328 172.073 134.004
104.589 186.051 133.335
106.015 163.587 158.661
77.8061 102.586 147.876
98.9478 95.9118 157.744
98.0997 66.3289 121.158
97.7472 74.5595 135.364
80.8953  83.934 118.892
81.7238  94.077 106.686
98.1544 100.486 108.168
87.5727 184.872 116.489
112.531 159.351 105.531
101.102 174.061 105.661
110.804 86.8114 142.352
123.268 124.093 138.953
89.4895 117.495 164.526
86.9759 152.487  144.64
100.932 141.695 167.231
117.964 177.366 110.432
 118.02 103.147 155.664
74.7111 109.447 107.656
78.4909 109.472 123.643
76.1129 123.675 127.099
105.821 86.5688 89.5426
   -nan    -nan    -nan
113.306 149.954 129.072
102.239 141.972 120.315
106.598 136.524 119.472
100.099 121.586 108.073
102.917 135.786  104.45
116.486 153.572 115.068
   -nan    -nan    -nan
140.025 149.987 129.086
 151.79 143.198 119.813
147.299   137.6 119.511
153.354 123.898 108.729
 149.59 139.574 103.871
134.928 153.587 115.096
149.199 197.277 109.218
 162.55 73.9201 106.696
133.785  119.09 182.042
179.273 139.147 131.452
140.703 202.211 119.844
132.325 178.834  127.29
132.593 155.312 154.634
133.617 131.406  157.68
129.904 109.264  151.02
135.306 101.512 127.039
132.064 73.1128 136.254
173.377 160.704 127.225
170.995 176.489 115.815
170.113 179.908 127.208
160.131 173.295 147.864
135.156 169.885 157.813
163.279 140.504 117.865
158.672 152.802 114.031
164.878 72.7631 127.426
146.964 69.1932 145.677
158.749  100.72 101.847
135.303 84.4215 115.823
148.323 132.237 95.8097
153.215  175.69 104.713
172.258 93.4005 152.824
182.719 120.198  146.79
146.319 93.0245  174.43
169.495 132.048 168.063
166.607 144.849  162.79
131.603 92.9304 159.425
130.868  175.08 102.112
 132.25 151.714 111.937
 175.77 132.491 124.623
183.528 138.959 114.576
163.521 151.522 101.946
 184.42 117.866 134.069
 178.57 111.207 99.4509
186.652 120.847 110.023
164.073 174.558 119.951
169.962 170.927 128.467
165.959  121.83 135.033
140.596 60.6013 118.736
 157.34 151.699 85.8568
143.104 87.7057 124.995
161.529 131.592 161.711
138.816 112.333 165.227
154.542 163.282 114.224
166.952 137.269  113.31
 159.12 153.135 127.222
166.903  127.94 97.3561
149.899 76.0272 112.343
160.039 170.452 136.958
149.613 183.853 135.225
146.875 168.997 155.012
176.732 109.471 154.456
154.672 97.6768 160.289
156.451   69.38 122.135
155.194 75.7543 137.688
 169.31 84.9003 120.725
168.448 97.4679 107.342
154.251 105.418 106.972
163.852 183.456  115.13
138.314 164.364 105.875
150.478 176.176 107.688
142.047 87.9907 141.956
132.527 121.559   139.3
165.159 118.204  167.63
168.442 152.863 140.887
 153.69 142.517 164.916
130.211 174.257 107.232
134.136 102.302 154.639
179.909 116.976 105.028
 174.02 111.358  127.27
178.968 128.479 126.081
150.753 88.0433 89.2671