103.826 195.773 111.692
84.7385 75.8807 119.002
119.088 110.451 179.785
73.1952 132.578 135.567
110.019 203.574 118.006
120.68 178.69 126.539
119.652 153.259 151.345
119.788 130.575 158.775
123.172 109.95 150.969
117.767 103.928 130.958
120.646 74.8196 145.45
81.8301 150.815 128.583
84.1 165.165 111.618
83.0702 168.633 126.053
93.2077 172.648 147.744
115.78 169.439 156.921
90.5322 139.1 116.67
92.5675 151.724 114.92
88.163 71.6731 135.855
109.636 67.6987 152.164
87.1514 95.3115 106.19
115.29 83.5455 123.305
101.856 126.988 100.159
99.1943 174.903 103.681
74.5541 87.331 150.908
69.7912 111.929 150.724
101.781 89.528 171.356
83.0866 118.595 170.492
88.0381 132.45 165.597
120.042 93.9259 160.796
121.209 179.965 102.245
119.581 153.834 110.732
77.9546 127.119 126.977
68.6136 138.885 113.486
87.3974 150.011 100.227
68.6906 114.801 135.082
74.3246 115.874 99.773
67.2608 115.32 110.444
91.3995 167.219 119.544
88.1034 161.143 128.751
85.7193 112.416 137.216
108.882 59.273 126.117
90.5802 147.139 84.7519
107.36 86.2641 131.702
92.2376 120.796 162.243
112.684 109.191 162.726
98.2 161.666 111.598
87.5029 132.199 114.899
94.1885 146.839 129.815
85.6016 124.353 95.6886
99.4655 75.4258 116.333
91.7552 166.148 137.098
103.486 182.419 134.137
104.907 161.835 155.82
75.0423 99.3263 152.164
90.4996 91.1809 157.015
96.2996 70.5857 131.613
97.8368 76.0648 147.403
85.1759 90.0802 128.234
82.4662 100.153 111.812
97.6307 102.812 111.464
90.5281 177.581 116.394
114.095 165.822 103.136
103.43 177.956 106.143
106.247 88.837 147.951
122.437 125.069 140.702
87.922 110.611 161.764
85.701 142.375 146.473
100.333 133.315 169.573
119.403 179.821 108.593
117.546 102.757 154.241
73.4562 112.059 109.385
70.8707 110.712 123.094
74.7569 122.716 121.906
105.671 91.0843 95.1118
-nan -nan -nan
112.863 152.929 127.656
101.469 143.989 119.723
105.99 140.576 118.029
99.329 124.653 108.765
100.784 140.138 104.172
117.165 158.384 112.379
-nan -nan -nan
143.342 154.814 126.66
154.311 146.496 117.904
148.342 142.461 117.739
156.099 127.24 106.25
153.944 143.292 100.126
137.516 159.975 111.86
148.394 198.375 112.622
171.167 81.3773 115.242
138.183 113.256 181.624
182.402 135.706 130.315
142.578 203.572 125.642
134.661 181.183 125.823
135.615 156.498 150.373
135.95 130.595 156.838
131.704 112.872 149.904
139.028 106.346 128.469
134.149 80.4951 145.49
175.177 157.194 127.463
172.647 167.454 113.903
170.117 173.54 129.655
160.766 174.753 145.752
137.802 167.696 158.56
165.085 143.474 113.994
163.532 154.405 111.841
176.09 84.43 132.448
148.151 73.7614 153.136
165.515 102.848 102.364
137.485 88.8945 122.208
152.101 128.565 97.1269
154.938 178.024 103.608
183.373 99.3891 147.825
185.445 118.661 151.427
154.596 91.3759 169.982
171.904 124.095 166.003
168.766 139.324 159.891
136.202 96.0737 163.087
130.216 178.525 101.941
134.418 156.858 110.085
177.2 135.181 120.433
186.417 142.589 110.265
166.908 151.767 99.6388
187.08 125.27 132.452
179.562 119.065 96.7589
189.041 121.021 107.549
165.606 169.693 122.777
168.759 163.318 129.785
169.305 123.326 133.63
146.316 65.3509 126.92
161.952 151.531 82.1499
147.113 92.7352 129.485
163.868 126.3 157.975
143.036 111.162 163.029
158.368 165.357 109.677
168.189 137.659 110.758
163.021 152.446 124.78
168.642 129.344 88.9549
154.339 80.2625 117.297
160.649 168.816 137.847
149.661 185.835 136.062
148.728 166.643 153.752
179.989 106.07 155.941
165.157 98.7459 157.98
162.722 81.1798 130.979
160.385 81.381 144.359
173.247 96.1022 120.567
172.426 107.446 105.959
156.062 105.59 108.565
164.625 178.481 118.686
139.626 166.564 103.688
149.58 179.385 105.553
149.597 94.1948 146.536
133.362 132.766 136.899
163.704 114.237 163.463
170.124 151.031 139.264
156.768 139.96 165.153
130.677 182.603 105.947
135.378 105.307 153.887
181.455 120.43 102.3
180.517 117.519 122.365
181.382 132.34 120.953
148.096 91.3917 94.293
