105.103 200.822 109.964
90.1037 66.8484 114.029
119.21 119.043 181.66
70.7604 137.025 132.865
112.769 207.08 119.211
119.391 180.53 126.21
117.878 156.678 151.555
118.46 132.968 156.38
122.585 109.775 151.563
118.401 97.0731 130.321
121.804 69.0433 143.574
77.2392 159.985 128.478
83.9733 169.485 108.533
80.0346 178.026 124.008
94.9608 179.044 148.191
117.428 170.494 156.955
90.1006 138.505 116.806
91.0718 153.891 113.012
91.2689 65.1397 136.251
110.097 63.0785 150.508
93.1312 89.0489 105.631
118.768 75.3735 118.128
105.016 124.886 97.0309
97.9125 177.497 101.965
80.5282 86.1437 155.985
69.0713 113.162 146.695
103.788 93.2056 175.175
80.2493 128.151 167.538
84.1708 142.168 163.915
120.423 93.4416 161.538
122.195 176.251 100.378
116.773 150.768 110.17
78.5379 129.034 123.292
72.3681 140.397 110.007
88.4428 150.474 100.31
70.7715 109.24 134.413
77.2352 103.734 98.5432
70.0947 114.754 107.778
88.0614 173.57 116.627
81.5281 167.708 124.423
84.8984 113.683 135.72
112.343 54.0358 117.485
91.0426 146.435 83.6835
111.985 78.4228 127.479
89.8837 128.855 160.265
112.092 111.899 163.522
97.2019 165.48 110.04
88.2657 132.845 112.182
91.0835 149.983 127.461
89.2752 116.333 96.6261
103.918 70.9184 113.728
89.9897 171.157 139.009
100.548 188.005 134.604
104.66 167.734 157.421
68.9732 96.1607 149.205
96.4159 94.6025 160.823
96.1407 64.8196 128.341
100.742 70.9574 142.759
88.9984 78.4749 127.729
81.2694 85.7264 107.507
100.719 99.681 107.812
86.0025 186.958 115.839
111.824 161.811 102.814
103.228 182.658 104.99
110.269 81.1509 145.135
123.169 121.606 137.363
86.2693 115.605 160.344
86.1332 150.596 146.52
99.3342 139.449 167.196
119.72 183.696 108.509
117.805 100.751 156.375
77.355 105.121 105.441
74.6417 106.912 122.347
75.3908 123.938 118.868
106.663 84.4091 91.6609
-nan -nan -nan
108.266 152.687 127.068
100.385 143.694 117.929
105.357 139.825 116.696
99.5738 123.107 105.88
101.031 138.23 101.966
116.037 156.892 112.45
-nan -nan -nan
145.248 153.7 127.432
153.886 146.362 117.772
148.977 142.497 116.792
154.934 125.119 105.875
151.645 140.664 101.209
135.971 156.723 111.643
146.288 203.547 108.706
162.767 72.3631 108.492
132.786 120.767 182.417
181.254 142.621 133.808
143.747 207.783 123.682
135.115 182.536 123.777
135.46 159.041 151.845
133.154 134.565 159.822
130.644 111.254 148.68
137.74 100.71 130.478
134.957 71.8615 145.705
174.33 158.987 122.183
171.589 182.527 108.776
175.55 174.739 116.569
162.778 181.689 146.163
136.777 177.313 154.713
163.789 144.955 114.998
161.968 157.091 111.45
166.378 70.1852 128.54
148.092 68.0102 153.543
161.368 96.0222 104.114
135.093 82.4188 122.978
149.052 127.752 95.9014
153.093 180.353 102.266
175.965 92.7838 155.986
183.426 122.534 151.353
148.485 96.498 176.22
170.332 132.89 169.494
168.848 147.49 162.074
133.892 94.6931 161.391
131.012 179.68 99.8739
131.051 155.42 108.96
173.743 138.411 121.488
182.237 144.705 112.958
162.15 153.68 98.4042
185.829 125.528 136.256
178.329 114.391 96.1104
185.26 124.582 107.803
165.819 178.155 113.233
171.741 169.767 120.741
168.108 125.025 136.074
143.572 58.6038 120.468
158.438 149.996 82.3014
146.79 89.0165 128.781
161.753 133.638 161.354
137.209 117.234 164.281
155.344 167.83 110.128
165.964 138.969 110.831
162.799 156.324 125.394
166.99 120.292 94.2508
147.264 75.3599 117.987
168.535 175.875 135.091
155.144 191.586 134.701
149.575 166.785 160.373
179.706 109.77 159.883
160.892 97.839 161.729
160.471 65.668 122.027
156.488 74.4286 140.465
171.269 83.6929 121.845
172.774 96.4838 106.714
151.995 100.476 109.979
167.435 188.821 115.565
139.055 163.947 103.572
150.844 183.353 105.431
146.173 85.6422 145.588
131.713 135.244 137.201
160.19 118.443 164.243
168.451 159.593 143.017
154.912 146.002 165.046
131.462 184.032 105.395
135.005 104.27 155.266
179.44 114.176 106.216
177.447 111.178 126.394
178.096 131.949 123.064
148.588 85.0013 91.3066
