106.332 202.014 107.542
96.4629 60.3844 112.873
121.332 113.146 184.922
78.4243 129.18 139.653
112.649 209.387 115.71
121.33 181.815 124.851
120.897 157.913 152.38
121.373 130.506 158.281
123.718 106.411 150.264
121.841 91.4521 131.105
125.79 58.8617 137.543
82.7107 147.947 127.435
85.2919 169.9 113.76
82.6633 171.789 125.504
95.02 174.405 149.317
118.956 173.109 159.661
93.9466 134.832 121.117
94.5563 151.918 116.564
99.0614 54.6655 135.34
119.903 51.747 147.964
99.5579 86.8965 107.082
120.635 69.4464 113.305
102.6 125.448 98.6482
99.9313 177.4 101.221
95.5565 75.0147 161.96
77.6895 102.744 147.896
110.112 87.1384 175.829
88.2088 121.658 169.273
88.8272 136.277 166.032
122.532 90.7122 164.328
123.075 179.225 96.9756
120.008 152.697 109.69
85.5759 121.436 131.223
73.5437 126.289 120.468
89.223 150.611 104.616
75.9164 99.5943 136.823
78.9176 105.539 103.502
72.455 107.47 115.648
90.82 173.413 120.807
88.5681 159.395 128.401
93.8934 105.82 138.727
117.294 46.3683 117.238
92.6476 151.495 87.0842
116.731 72.9442 126.439
96.0185 124.362 164.128
117.354 111.358 166.266
99.4715 164.108 110.396
90.9678 129.979 117.924
98.6008 146.941 131.007
88.1708 123.294 101.767
108.615 60.637 114.859
91.0577 164.94 139.055
103.633 187.642 136.98
107.354 161.218 164.681
85.1357 90.1786 161.564
104.039 87.0835 158.671
103.874 55.8798 132.41
110.376 58.2339 147.31
94.76 71.464 128.981
89.1651 86.6141 112.213
103.551 92.2819 114.413
90.1038 184.301 113.924
115.201 165.629 101.165
104.253 181.087 102.853
119.314 77.1097 145.604
122.652 120.343 138.843
88.978 107.693 164.867
89.6426 144.752 145.414
101.148 135.138 173.286
121.264 187.123 105.023
116.927 99.6798 157.5
77.75 110.157 108.159
83.2198 98.8486 129.796
82.9765 112.882 131.585
104.497 87.7885 89.0002
-nan -nan -nan
115.404 152.348 127.249
104.257 142.983 119.721
108.999 137.805 119.957
103.457 121.89 109.798
104.396 138.551 104.914
118.253 155.209 112.247
-nan -nan -nan
139.957 154.481 127.085
151.014 146.629 117.772
146.03 140.708 119.085
150.276 123.422 110.31
150.211 140.858 103.812
137.563 157.744 112.146
147.135 204.123 102.961
165.075 66.3188 117.851
132.068 116.466 185.8
174.834 136.335 135.402
143.718 211.115 117.315
134.228 184.447 123.933
133.094 158.187 153.024
132.412 131.252 159.182
129.544 108.674 149.835
132.281 97.6264 131.84
132.624 72.0888 143.141
172.363 154.693 126.441
172.203 179.536 111.095
173.698 174.955 123.141
161.782 178.308 145.679
136.232 174.91 159.915
161.347 141.284 117.906
160.523 157.639 114.5
160.324 63.5871 142.094
138.372 57.4694 154.303
154.362 91.3165 108.14
135.088 78.6953 117.316
150.602 132.016 95.0488
154.837 180.287 100.58
168.177 85.8903 156.978
177.151 113.617 146.507
144.303 89.9258 180.398
164.785 126.291 169.245
165.925 140.886 162.699
132.494 88.7937 162.941
132.469 177.382 98.6375
133.796 154.269 109.829
170.387 129.088 129.427
181.346 137.399 116.359
162.638 153.752 101.651
180.241 110.716 135.85
175.193 110.984 99.5999
181.556 111.154 111.967
165.575 177.609 118.086
170.003 164.752 124.966
160.026 118.27 136.766
145.895 53.5891 122.505
161.969 155.222 85.6576
138.26 84.1208 129.348
157.113 127.414 163.647
136.699 110.196 164.428
154.971 167.657 111.082
164.952 135.918 114.698
157.649 154.089 128.253
164.001 121.412 99.8447
149.219 68.037 116.844
164.926 169.495 139.164
152.513 191.532 133.83
149 168.709 157.788
168.479 103.223 151.344
153.515 93.409 163.709
154.467 64.0846 136.92
145.581 66.757 155.07
166.355 80.3198 125.749
163.943 90.7798 109.834
150.256 96.7496 113.525
167.254 189.679 115.462
139.847 168.185 100.967
150.675 182.572 102.985
141.31 83.0052 149.06
131.604 134.141 138.647
162.226 113.82 168.201
166.703 153.552 140.579
151.605 138.881 169.191
132.589 185.604 102.906
131.986 100.096 157.555
174.331 111.606 107.231
169.807 104.529 128.567
171.475 122.793 130.379
148.508 86.7798 89.275
