100.668 199.848 110.882
88.5273 69.3369 119.357
117.665 120.882 181.343
73.7923 141.717 131.845
109.733 207.269 115.143
118.639 181.849 124.657
118.133 162.889 151.782
119.353 136.107 157.315
122.468 111.454 151.462
119.366 97.0359 132.428
120.591 69.6716 141.639
79.1019 161.547 126.809
81.6087 170.622 107.595
77.5193 175.026 120.923
91.8325 180.832 144.064
115.583 177.871  151.44
90.7991 141.232 116.862
90.0047 155.708 113.826
86.8223 71.2136 138.745
110.562 63.1641 148.794
 95.709 94.7671 108.762
  113.8 76.2481 122.758
104.007 124.682 99.2911
98.5839 176.219 100.386
84.3516 89.2188 155.694
74.7715 117.418 147.502
104.132 95.9158 172.798
84.6635 132.357 165.729
85.8317 147.482 161.229
119.669 94.0465 163.399
 120.16 176.195 99.4164
116.055 153.407 111.057
80.6974 131.357 126.383
71.6154 140.129 110.634
87.6819 148.749  99.184
 71.752 116.845 133.909
 76.889  107.43 101.542
67.8942 117.047 109.265
 86.621 172.617  113.27
81.4904 168.465 127.609
88.1868 119.401 137.081
 105.83 52.7589 120.751
 91.426 142.614 84.5355
110.445 81.3039 131.761
91.6961 135.097 159.597
114.514 115.874  163.61
97.2571 165.003 108.784
 87.417 134.812 114.039
91.7481 154.213 128.385
 87.828 120.729 97.4934
101.422 68.3379 121.374
87.7394 174.575  133.73
99.8874 189.407 130.881
102.835 175.369 151.979
73.3835 101.743 147.097
96.1921 98.0135 159.152
90.9679 67.0605 134.614
99.6204 74.1204 144.259
  85.04 87.9105  128.88
87.7352 94.2562 113.338
99.3476 97.0058 116.559
86.0693  184.44 111.672
113.009 165.481 101.725
100.013  180.66 104.141
113.254 82.8557 147.993
121.879 125.355 140.222
92.2071 120.458 161.108
87.6085 156.823 145.291
99.2658  143.95  165.73
118.749 181.321 105.917
116.069  103.01 155.626
75.5416 109.106 108.167
77.7078 111.759 123.921
76.8966  126.75 123.802
104.821 79.9025  94.957
   -nan    -nan    -nan
 108.83 157.327 126.961
100.391 148.437 120.232
105.348 142.067 119.569
99.7897 122.855  109.28
 100.48 136.645 105.283
  115.8 159.179 112.781
   -nan    -nan    -nan
144.129 156.761 126.975
152.281 148.975 119.099
 148.68 141.662 119.745
154.538 121.848 110.431
153.942 136.215 105.704
136.544  158.21 111.658
151.024 196.821 105.929
168.097  70.134 120.424
134.287 122.264 183.968
180.932 139.564 134.924
144.398 205.489 115.906
135.253 183.067 121.454
134.357 162.062 152.401
133.337   139.1 159.159
129.261  111.73 150.968
133.674 98.4502 131.389
131.673 67.4844 140.476
177.112 161.466 127.995
 170.43 171.141 110.653
 175.08 177.186 122.751
163.329 180.775 144.758
137.353 177.969 153.359
163.578  141.15 118.146
161.522  154.65 113.793
167.062 69.1621 138.758
143.493  63.245 150.757
159.163 94.0197 110.297
137.437 78.8356 123.353
150.464 125.632 98.3082
155.282 177.274 100.854
171.148 92.4854 155.491
176.381  120.87 151.477
144.712 96.4103 176.075
170.113 132.604 165.541
167.912 145.936 161.872
130.862  92.575 160.128
131.129 175.918 98.6528
132.437 155.178 110.908
171.539 132.255 126.747
182.836 138.106 116.017
164.991 146.623 101.885
179.223 119.684 139.145
180.373 106.723 105.456
187.461 119.118 114.467
165.905 171.475 120.846
172.065 169.559 127.419
163.298 123.655 137.927
144.741  52.643 124.113
164.642 143.168 86.2598
141.691 83.9877 131.666
160.822 134.198 159.947
135.315  116.87 166.079
157.168  166.07 109.761
166.008 134.012 115.246
162.785 156.408 127.375
167.436 117.565 99.9241
153.141 69.5352 121.808
162.821  176.01 136.975
155.341 193.119 131.424
149.097 172.511 153.681
174.179 107.334 154.622
 153.33  93.165 163.263
160.177 66.8234 131.413
153.738 70.7312  143.05
172.431 87.7638 128.255
169.375 92.3409 114.784
156.317 99.6909 115.631
168.802 182.526 114.494
139.167 162.907 101.934
149.636  177.49 103.229
139.787 83.8103 147.858
 131.05 133.695 141.006
159.457 119.256 162.498
167.055 159.566 142.809
153.478 144.151 167.816
132.478 180.021 103.479
134.183  103.31 154.505
181.176 110.115 112.445
175.116 106.656 130.752
177.719 128.128 125.798
150.504 80.2233 95.5821