101.957 202.735 108.694
88.8233 67.3889 103.881
121.374 109.58 180.005
71.954 134.528 136.318
109.153 208.766 115.53
119.331 185.18 122.753
119.246 163.623 152.157
119.177 133.257 163.042
124.384 108.616 156.645
121.68 96.7996 126.047
125.954 66.7917 128.018
78.1616 160.689 122.57
81.4306 173.279 110.07
76.7502 183.566 122.162
91.6297 180.385 147.802
118.737 171.852 159.544
89.1976 139.519 118.709
90.4427 154.556 112.876
92.7604 62.4787 122.556
120.81 56.693 137.615
91.2849 96.1258 100.607
119.477 69.2487 106.664
102.877 128.1 94.4829
98.2965 178.573 100.548
85.5218 76.6014 148.278
69.8623 108.972 146.1
104.102 84.2319 169.386
86.6842 118.8 171.383
89.9342 137.878 167.517
121.731 85.8405 160.693
121.978 177.628 96.9583
116.516 152.806 107.382
76.9593 127.929 126.29
69.174 135.38 113.428
85.5075 150.848 100.751
68.9505 108.109 132.316
72.8881 110.959 95.157
66.4405 118.769 106.966
84.2466 177.428 115.401
82.1949 174.449 122.165
84.5822 112.417 137.555
119.326 48.2978 110.352
90.5711 147.85 83.0724
116.912 77.4379 120.636
92.8245 125.407 164.499
115.549 105.328 164.391
97.3089 166.302 108.438
86.5716 132.983 114.388
90.4924 153.62 128.232
86.3824 124.595 92.9679
101.95 68.8219 105.899
86.4468 175.662 135.056
98.1822 189.61 136.479
105.871 172.727 158.703
74.6553 92.099 148.645
98.5978 82.0865 155.963
98.172 61.5242 118.454
105.667 62.2442 133.388
76.6259 81.5495 116.253
82.1702 96.6643 105.067
102.719 93.5075 107.496
87.2115 191.371 114.495
113.535 167.191 99.9197
101.199 182.837 103.837
117.117 78.6082 139.825
122.962 119.502 124.933
86.6079 107.6 163.495
81.7013 156.114 143.036
102.018 139.977 171.856
119.805 185.353 105.468
121.416 94.7707 156.337
72.2206 114.56 102.514
74.9785 106.652 121.219
76.2788 120.788 124.085
102.99 83.6283 86.6792
-nan -nan -nan
106.441 152.374 130.219
99.3974 145.419 119.829
104.053 139.24 118.158
100.42 121.791 106.335
101.266 138.711 102.358
117.145 157.417 111.116
-nan -nan -nan
147.666 151.536 129.272
154.25 144 122.52
150.965 138.26 119.641
156.102 119.967 106.72
154.735 137.477 103.279
137.689 155.217 111.136
147.871 200.557 103.129
167.738 69.5528 108.487
131.196 109.532 179.697
181.119 133.702 134.805
143.768 205.913 115.689
134.344 184.016 125.973
133.071 159.235 158.944
133.541 134.321 166.859
130.063 109 158.951
134.905 95.5432 129.029
135.665 69.4729 138.502
176.687 154.521 127.471
172.618 182.994 112.917
176.158 172.952 120.478
163.066 177.522 147.522
134.891 170.393 160.95
164.753 138.44 116.582
163.572 152.722 115.991
170.629 68.7649 131.179
145.828 61.223 148.665
161.051 94.5134 100.892
137.898 80.2623 117.335
153.384 123.909 96.0251
154.333 175.901 101.014
179.228 89.9807 153.911
182.513 117.139 152.017
148.796 87.2879 175.014
165.959 121.897 171.943
164.388 138.003 167.745
132.913 85.8369 162.369
131.856 175.684 96.5973
132.784 154.644 109.074
177.405 129.14 123.203
184.573 136.275 112.699
163.901 148.058 102.835
184.463 116.165 136.23
181.712 105.619 98.6503
187.887 116.121 109.458
166.757 179.845 115.106
169.735 164.946 125.083
168.488 117.555 138.919
148.321 58.0094 114.891
164.072 146.609 84.6478
146.79 78.9508 125.443
160.734 125.593 165.873
137.292 105.153 166.796
156.33 166.63 112.139
167.977 131.192 113.398
162.775 154.209 129.628
171.118 116.137 94.049
155.167 73.3928 113.599
167.244 172.629 137.827
155.445 189.237 136.536
147.668 173.55 157.525
179.552 103.822 160.171
160.77 86.1796 163.561
163.69 67.0543 127.626
157.287 68.3644 145.366
174.743 82.7257 121.66
174.533 96.3515 100.027
157.752 101.536 105.879
169.108 190.142 116.528
140.468 164.622 101.493
153.383 181.979 104.042
142.33 78.448 143.38
133.395 131.446 132.313
160.91 110.356 169.235
170.896 152.6 146.464
150.401 138.801 173.814
132.889 178.672 102.004
131.73 95.1519 157.537
183.743 107.089 105.521
181.998 106.02 126.03
179.872 122.308 123.222
149.848 81.6796 87.5596
