104.274 195.177 112.177
84.1285 76.5759 118.999
118.494 109.823 179.86
73.2259 131.844 135.827
109.605 202.68 119.432
120.612 177.885 128.301
119.395 153.45 151.837
119.272 130.166 159.309
123.004 109.333 151.061
117.487 103.45 131.332
121.015 73.6361 145.906
81.8914 150.259 129.311
84.0296 165.37 112.358
83.1333 167.879 126.897
93.308 171.641 148.354
114.938 169.898 156.888
90.9885 138.715 116.996
92.868 150.968 115.752
87.7617 72.5677 135.916
109.026 67.3252 152.814
86.7902 92.5452 106.714
115.598 82.8543 123.466
102.807 125.56 100.912
99.0224 174.159 104.295
74.938 85.6578 151.095
69.1809 111.985 150.699
100.826 89.0183 170.998
81.9131 118.421 170.309
88.8975 131.022 167.353
119.889 93.4747 161.109
119.979 179.937 103.633
120.277 152.24 111.35
77.5774 126.108 127.484
69.5876 139.871 113.08
88.9177 149.199 99.8387
68.6979 114.185 135.888
73.3681 113.816 100.88
67.6407 115.75 110.26
90.764 166.416 120.299
88.0719 160.755 130.155
85.7456 111.72 137.077
108.33 59.2894 125.718
91.0582 145.82 85.6883
107.481 85.215 131.952
91.9239 120.112 162.455
112.106 108.253 163.097
98.6897 161.931 112.591
87.4518 131.96 115.808
94.1705 146.149 130.541
86.8891 123.873 95.9252
99.6961 75.2733 116.653
91.9831 166.687 136.536
102.803 179.446 136.578
104.505 160.207 156.767
74.6059 98.9704 152.246
90.0051 91.7692 157.122
95.715 71.3252 131.851
97.7677 75.9932 147.677
85.0923 91.5133 127.811
82.8955 99.6994 112.159
98.0035 101.268 112.727
90.2038 176.625 117.223
113.247 162.07 104.525
102.34 175.868 108.009
106.071 88.5266 148.311
122.71 125.789 140.532
87.5493 110.204 162.017
85.7773 141.619 146.918
100.051 132.48 169.776
119.212 181.262 111.283
117.526 101.844 154.946
74.3382 111.974 109.316
70.7519 109.64 124.303
75.4217 122.03 122.092
105.926 91.0169 95.0413
-nan -nan -nan
112.859 152.291 128.094
101.166 142.343 120.881
106.797 139.663 119.235
99.846 124.313 109.041
101.485 139.441 104.322
117.535 157.87 112.739
-nan -nan -nan
143.198 154.493 127.161
154.473 146.194 118.769
148.621 141.641 118.544
156.023 127.105 106.393
153.713 142.402 101.676
137.688 158.963 112.611
147.147 199.027 113.076
171.392 80.7819 115.336
137.601 113.291 182.333
182.321 135.031 131.134
142.527 203.852 125.077
135.188 180.137 129.453
135.459 155.366 152.033
135.278 130.449 157.314
132.009 112.469 151.324
138.323 105.617 129.893
134.051 80.8579 145.785
175.693 156.388 127.621
172.844 167.632 113.647
171.072 172.859 129.063
160.85 174.154 146.032
137.678 167.403 159.342
164.432 143.278 115.013
163.772 154.109 112.951
176.112 84.0808 132.801
146.528 73.5499 153.861
166.29 102.305 103.001
138.115 88.6929 121.944
151.512 128.893 97.6924
153.922 177.674 103.804
183.427 98.7023 148.429
186.125 118.098 151.059
155.758 90.765 169.786
171.495 122.979 166.79
168.051 138.18 161.451
137.7 94.7084 162.866
131.3 178.916 103.483
135.363 154.861 111.329
177.51 134.253 121.588
186.433 142.784 110.662
169.612 152.054 100.455
186.812 125.077 132.43
179.95 117.447 98.0575
189.273 119.954 109.301
165.782 169.305 123.668
169.006 163.122 130.906
168.944 122.539 134.581
145.84 65.6198 127.41
163.924 151.603 83.1989
147.779 92.3746 129.965
164.05 126.05 158.051
143.003 111.413 162.972
158.46 165.371 111.57
167.847 136.725 112.524
162.503 151.953 126.145
167.862 131.918 88.2362
154.555 79.7776 117.351
161.239 170.028 137.492
150.02 187.77 137.786
148.576 162.314 155.871
179.901 105.36 156.211
165.006 97.5112 157.747
163.042 81.512 131.141
159.12 80.8015 143.762
173.333 95.5791 121.292
172.52 107.176 106.814
156.935 107.279 107.479
165.397 178.2 118.965
140.981 164.173 105.43
150.593 178.834 106.511
150.108 93.8007 145.88
133.354 128.981 138.043
163.522 113.356 163.917
170.084 150.425 139.951
156.745 139.966 164.528
132.401 181.958 109.786
136.156 105.231 155.828
180.776 117.823 104.352
180.271 116.95 123.309
182.463 132.575 120.771
148.949 91.7093 94.2331
