104.118 195.731 108.717
94.8658 69.0382 120.035
118.523 120.857 179.455
78.9935 139.641 133.104
111.805 203.489 114.98
119.836 178.884 124.842
119.351 160.606 148.995
120.116 135.399 156.066
123.178 109.833 149.23
118.984 99.984 131.917
121.836 66.682 148.706
81.2465 158.166 126.476
84.1732 179.788 111.219
81.8391 175.705 120.295
92.5922 179.972 144.272
117.146 172.034 154.996
94.263 141.26 119.089
94.5042 154.608 115.472
91.7453 68.8069 138.6
109.598 64.0421 154.086
97.2985 97.733 111.345
119.026 76.9863 128.587
106.661 127.298 102.523
100.029 177.354 102.45
85.3245 89.1937 154.483
76.1117 116.216 144.389
104.861 94.1484 172.07
85.9616 127.432 166.836
87.6752 142.629 163.382
121.171 95.655 162.658
121.509 176.487 99.8492
117 150.823 110.617
86.2912 132.325 125.6
73.9591 136.533 118.415
90.7827 150.276 104.042
76.8814 117.487 134.279
79.2451 110.431 105.863
70.4595 119.261 112.661
89.853 179.659 114.478
85.4983 166.403 122.058
93.4868 118.891 136.783
112.111 54.7595 129.961
92.3021 146.399 87.492
112.263 82.454 134.724
93.487 131.556 160.603
114.437 115.68 161.837
99.7697 164.933 110.727
91.6115 135.11 116.639
95.9449 153.971 128.917
91.7667 124.614 103.207
104.809 74.6692 121.513
86.3972 171.382 135.209
100.377 185.71 133.323
104.315 172.731 154.6
79.5852 102.93 149.9
100.637 97.0412 159.04
96.8097 66.534 133.315
103.171 73.2101 145.093
88.6712 83.4736 127.655
86.1435 101.463 110.429
101.403 100.743 119.431
87.262 189.943 117.192
115.616 166.803 101.848
103.183 176.346 104.181
114.548 83.3647 148.531
121.727 126.979 139.687
88.3085 117.897 159.46
84.0361 154.707 144.837
98.884 146.409 164.326
119.584 177.027 106.918
120.111 103.034 154.043
77.0392 111.856 109.048
79.41 111.197 125.836
83.7224 127.129 123.445
106.116 84.2115 98.2977
-nan -nan -nan
114.282 155.253 128.315
104.134 146.873 121.106
108.554 140.738 121.492
105.176 124.629 112.114
105.941 139.623 106.03
118.312 155.894 114.693
-nan -nan -nan
139.218 156.984 128.656
150.676 148.385 121.641
145.916 142.16 122.348
151.516 125.945 112.603
149.648 139.711 106.836
135.746 156.638 114.844
146.796 195.575 106.866
164.296 76.1186 119.726
133.982 122.16 180.137
176.104 143.382 141.103
142.146 203.817 116.851
134.044 181.094 124.936
132.751 158.541 151.575
132.649 138.286 158.184
130.028 115.309 151.248
135.871 104.395 130.773
134.502 76.7956 150.313
174.242 158.25 128.445
170.581 180.752 113.697
172.363 176.171 124.468
159.394 181.448 145.331
135.749 174.538 154.014
161.493 143.227 121.53
161.006 155.939 118.24
163.77 74.0014 138.503
146.163 72.1668 160.829
156.601 96.802 111.587
137.401 83.1003 126.357
147.531 130.366 101.095
153.072 177.111 102.848
171.601 97.4663 154.611
176.234 124.979 151.036
147 98.531 174.112
164.183 131.901 169.963
161.748 145.504 168.893
132.385 99.1808 162.28
132.988 171.497 99.5258
132.854 153.424 111.888
170.212 137.268 128.313
180.82 140.673 120.444
160.2 150.479 107.431
179.112 123.276 142.779
175.097 113.452 106.377
183.817 119.413 117.989
163.586 177.293 118.861
166.637 166.522 123.994
160.347 126.559 139.634
143.593 58.6777 135.262
163.305 146.617 90.1189
142.242 89.6787 134.641
157.964 136.002 165.153
137.003 119.363 163.283
155.399 166.318 113.993
163.619 137.398 118.351
158.39 156.27 130.291
164.633 123.386 102.494
148.107 75.1738 125.027
166.812 171.976 141.366
154.357 190.041 135.227
146.595 170.469 154.468
171.559 113.214 154.446
155.563 99.1232 162.215
156.425 71.9036 135.936
154.481 76.1865 150.524
169.529 85.1735 129.884
166.984 102.989 114.845
152.901 103.76 117.875
165.891 189.952 119.608
139.913 165.808 102.742
151.346 177.376 106.026
142.381 89.6123 146.513
130.891 134.695 140.947
156.972 121.946 164.389
164.208 157.839 147.68
150.74 146.515 170.671
132.253 178.379 103.526
134.058 107.573 154.127
178.42 116.941 111.192
171.219 110.638 131.955
172.132 132.505 127.749
146.66 84.7587 97.9166
