103.376 204.131 112.025
90.8638 62.2836 109.234
119.985 107.573 177.812
71.9472 135.407 135.042
112.052 210.757 117.676
120.855 183.766 125.903
 122.22 157.281 152.327
 121.34 132.072 159.435
 123.02 107.422 149.564
118.331 96.6341 125.302
121.979 61.1374 132.856
 78.589 159.227 129.832
85.0373 172.942 105.338
75.8804 177.032 121.914
94.3635 176.907 153.864
119.852 169.683 161.232
 90.959  140.68 115.332
92.2853 155.247 113.375
91.2159 60.1035 130.499
115.698 56.5698  143.36
94.8807 89.7026 101.455
117.459 72.5941 111.286
107.009 129.271 93.6916
99.6066 179.686 99.4733
84.5186 76.9885 153.327
71.8414 108.651 147.836
106.145 84.1141  170.39
 85.757 122.055 169.702
87.5295  137.39 167.129
121.681  88.399  156.58
121.897 179.604 99.0234
116.089 152.702 107.883
79.7456 129.571 122.065
   69.3  135.47 109.698
88.9317 151.316 96.2983
75.0209 109.503 130.536
79.1757 110.364 94.4028
68.6841 111.698 104.838
86.8553 173.198 114.421
82.2331 169.952 129.868
86.2026 113.441 136.143
112.721 47.6024 111.757
92.6418 147.716 79.6412
111.208 77.3854 121.935
92.6936 125.132 163.783
 113.85 106.512  162.47
99.1015  166.81 107.883
86.8465 135.167 109.951
92.9963 154.923 128.712
90.3259 120.931 90.8408
103.911 62.8317 113.223
87.2642 175.929 136.746
101.418  191.96 137.782
 107.44 168.873 159.845
77.7151  91.871 155.645
98.6435 83.6071 157.258
96.7804 57.5194 127.196
103.438 65.4915 140.496
86.2639 75.4955 122.968
85.8943  95.069 106.558
101.465 94.4532 107.561
84.4066 190.227 112.518
114.822 170.445 99.8267
101.427 184.082 102.289
113.845  77.852     139
122.599  115.13 137.223
88.3691 109.664 163.695
85.1727 149.706 148.291
102.834 135.685  171.24
118.924 184.344  106.44
117.113 97.4053 152.488
76.7702 113.775 101.088
77.7123 103.255 121.636
77.8469 123.269 121.494
103.186 81.6307  85.463
   -nan    -nan    -nan
109.046 152.605 129.132
100.583  144.62 117.469
105.719 140.098 116.658
101.413 123.988 103.887
103.239 139.708 100.225
117.978 157.411 112.016
   -nan    -nan    -nan
 146.52 152.849 128.763
155.113  145.18  116.93
149.368 140.402 116.691
153.274 122.959 104.568
151.379 139.485 99.8636
135.941 156.053 111.407
147.289 204.424 109.425
164.548 65.1475 114.596
132.383 116.126 181.617
184.011 134.266 134.236
142.394 207.683  123.73
134.366 183.599 125.489
132.793 158.183 153.546
132.652 133.597 159.737
129.125 109.238 150.135
133.851 98.0709 126.039
132.845 63.9383 137.419
178.455 153.363  125.67
174.865 171.326 114.154
178.295  176.45 127.103
161.443 179.514 150.271
135.502 170.597 161.373
165.779  142.61 113.322
164.668 156.223 113.227
 166.71 66.3438 136.138
142.982 58.2746 150.186
159.641  89.778 102.881
135.495 78.5432 114.907
147.581 129.497 92.4142
156.757 180.649 102.028
175.783 88.1336 151.859
181.891  115.24 152.685
141.542 86.9436 175.232
169.725 124.466 169.416
168.122 140.191 167.123
130.922 89.6093  158.76
131.265 181.171 98.6133
132.496 155.211 109.157
177.405 131.203 123.248
185.929 134.942  112.05
164.273 153.734 96.7489
 184.98 116.363 135.872
178.024 108.435 95.7894
187.508 114.546 107.086
170.461 175.608 121.746
172.278 164.197  127.34
168.003 118.295 137.228
142.872 51.5523 117.216
160.207 147.569 80.9099
142.402 83.4188 125.863
162.384 126.961 162.702
136.299 113.305  162.82
158.894 168.115 112.458
167.741 133.675  111.49
164.106 152.223  128.34
166.144 120.621 88.7414
148.291 65.4814 114.007
167.863 170.584 141.991
154.461 189.355 137.615
147.292  166.64 160.892
177.719 103.023 149.935
155.397 89.6867 164.088
161.517 65.0137 128.823
153.752 67.1803 143.321
174.043 80.6885 127.802
168.592 95.5877 109.106
152.762 96.9671 108.911
168.663 187.427 115.884
139.059 168.044 100.296
151.494 181.534  104.32
142.132 78.6453 143.784
130.514  130.03 136.433
 164.55 111.875 167.311
169.681 150.122 147.763
 154.83 138.223 171.984
133.116 181.657 105.555
135.282 99.3275  152.97
181.697 105.399 105.174
176.966 106.492 124.525
179.414 124.293 124.488
149.747  80.688  86.876