107.696  193.89 109.835
97.5322 71.2956  113.28
119.651 124.699 182.071
76.4176 141.448 135.777
111.476 200.708 116.046
120.571 181.743 127.741
120.418 165.079 151.212
121.829 138.973 160.189
 124.51 110.257 150.455
120.766 101.343 130.573
124.228 74.5898 141.205
81.1297 157.277 129.011
86.1823 169.015 108.635
82.0617 170.498 120.764
93.5285 180.341 142.513
117.829 172.258 158.762
92.5402 139.353 121.537
94.2303 153.073 115.678
94.9182 68.7729 131.593
115.789 66.7498 146.283
95.0102 92.4455 111.275
121.207  81.299 120.897
100.771 124.329 105.902
102.282 174.291 104.571
85.2014 90.6327 155.061
74.8842 119.399 148.973
107.183 94.6944 170.346
88.6811 130.881  169.21
90.2195  144.54 165.372
122.587 97.2694 160.459
121.293 175.633 104.618
116.454   150.1 114.234
83.1595 128.976 129.724
72.7937 133.172 118.802
90.3701 145.482 102.477
73.2486 110.829 140.493
75.7083 103.933 112.488
69.6841 113.341 120.363
90.1045  170.02 116.527
85.6667 164.673 125.994
88.9401 118.189 141.071
118.865 59.2387 121.166
84.7815 141.768 94.9513
113.168 84.6934 129.544
93.8191 133.879 162.269
116.559 117.677 164.344
99.3211 162.293   111.4
89.2095 131.692 120.255
93.3632 150.081 130.492
85.6535 115.257 106.331
110.413 73.9443 119.094
92.2596 174.513 132.194
101.082 188.457 133.175
104.916 174.663  154.18
   78.4 105.222 153.039
98.2862 97.8964 158.384
101.278 68.2086 126.144
102.224 73.3778 139.257
87.4469 84.5062 126.622
86.1417 91.0175 115.912
102.724 98.6327 115.557
90.1754 180.427 114.789
113.401 163.935 105.917
102.936 177.175 107.714
112.066 85.5679 143.943
122.861 112.117 138.029
90.8844 121.133 165.052
 88.518 155.586 147.839
101.934 147.843 168.791
120.363 179.501 110.869
118.093 102.973 153.961
76.2925 104.313 117.559
80.9393 103.631 133.523
77.7162 123.574 130.139
104.666 89.8455 96.7286
   -nan    -nan    -nan
109.935 152.259 131.175
101.918 142.123  126.56
106.626 140.038 122.306
99.3805 124.319 112.289
100.249 136.103 110.263
117.253  157.38 116.386
   -nan    -nan    -nan
145.215 155.447 128.747
152.306 144.687 125.147
148.212 142.221 120.813
153.533 123.879 113.125
154.423 137.832 110.429
136.715 157.382  114.47
143.149 195.207 106.081
165.377 76.1258 120.971
132.408 126.598 182.749
177.341 142.275 137.337
 141.78 201.231 116.277
 134.28 181.487 122.467
133.164 166.867 149.469
131.864 142.169 160.843
128.935 115.123  151.74
133.622  103.99 131.732
132.947 79.2166 143.148
173.683 158.756 127.345
 169.06 174.427 111.304
173.646 173.786 120.726
162.013   178.9 142.785
134.784 174.944 156.102
162.945 141.308 120.733
160.994 152.883 115.686
166.177 76.8109 139.937
145.145 72.8441 153.255
157.934 91.8821 113.737
138.375 85.4331 122.328
 152.75 123.855 105.112
152.718  173.26 101.649
171.566 99.4728 157.904
176.744 125.972 156.389
145.733 101.324  176.17
164.907  135.88 168.773
163.857 149.299 164.658
131.428 97.2146 162.238
131.568 171.964 101.591
134.118 153.708 113.294
170.798 132.769 129.453
183.243 135.193  123.29
161.591 144.367 106.684
180.433 124.525 143.362
179.376 104.653 112.753
184.768 116.985 119.283
166.634 166.992 118.101
  171.5 168.045 126.665
164.001 126.867  141.88
144.392 63.3052 130.393
 170.61 140.539 95.8063
142.816 90.3826 131.598
158.505  138.38 163.167
 136.17 119.494 164.867
157.473 161.907 109.695
167.136 133.527 118.872
 161.44 154.565 127.842
168.307 113.701 107.455
152.222 76.9714 124.968
160.945 174.707 131.273
152.067 191.478 131.904
147.551 174.108 156.021
175.984  114.92  156.63
155.522 101.995 166.506
159.845 71.7336  133.43
155.026 80.2347  145.61
168.808 90.1436 131.231
170.128 96.8585 115.573
153.899 99.8413 117.267
165.304 181.815  114.22
140.828 163.009 104.559
150.863 174.923 104.046
143.546  89.762 146.998
 132.27 145.466 132.818
157.493 123.909  165.96
167.198 159.871 143.612
149.588 151.202 167.003
133.133 184.124 106.859
132.974 105.322 155.039
 180.79 111.639 116.285
175.035 106.247 136.228
175.266 129.486 131.472
149.028 89.6512 97.5013