106.9 202.628 109.081
93.6787 60.9644 113.544
119.576 118.492 183.028
76.54 140.73 128.897
114.724 210.22 116.46
121.904 183.64 123.928
120.979 160.915 151.059
120.89 135.804 156.879
124.469 109.689 148.931
121.854 97.7388 125.973
122.94 64.9453 141.708
80.7446 163.5 123.818
85.1134 173.053 109.26
82.808 181.177 122.596
96.8055 181.276 148.778
118.733 173.633 157.941
91.5911 140.743 115.463
93.0422 154.956 112.249
90.1947 63.8703 135.658
114.36 61.1201 152.895
95.6109 87.7262 107.789
117.509 71.7721 117.78
103.686 125.096 97.1448
101.096 180.097 100.888
90.0642 82.4276 157.335
78.7265 109.749 149.784
107.222 90.6493 174.012
87.0911 128.301 168.377
86.7434 146.75 160.121
123.868 92.1547 162.83
123.844 182.741 99.8669
116.787 150.465 108.602
81.8843 126.415 123.402
71.8198 130.876 114.365
86.5037 149.791 98.5297
77.195 106.6 132.533
77.2384 100.062 106.388
72.1985 104.257 115.153
91.6877 175.565 114.206
87.2329 172.309 125.229
90.0367 114.142 133.818
109.829 48.7122 130.795
87.2469 145.438 85.6833
114.576 78.8579 127.61
95.019 132.304 160.559
116.561 113.277 164.028
99.9291 164.465 109.374
88.1359 134.244 111.456
94.9749 154.59 127.197
86.9178 117.666 99.5345
106.268 63.5511 119.404
93.6752 175.066 137.699
102.672 199 132.874
107.07 173.277 155.574
80.8022 91.3626 155.989
101.014 93.9351 157.053
95.9494 61.429 131.267
104.743 69.2864 142.681
86.6562 78.4427 128.75
88.5747 86.5794 116.516
101.651 93.0329 113.916
90.8118 190.878 113.598
115.207 167.019 101.719
104.469 182.125 103.585
114.199 83.6734 144.144
124.491 118.459 135.741
93.801 116.238 159.907
87.6793 158.284 143.774
100.472 145.208 167.24
121.801 185.491 109.089
119.469 101.708 154.426
77.4451 106.289 110.853
79.2806 104.12 125.69
81 119.807 119.485
104.424 82.4412 91.8301
-nan -nan -nan
111.355 152.974 127.358
102.871 145.222 121.028
106.988 141.136 118.003
100.969 123.499 105.399
101.474 138.65 102.767
118.344 156.606 112.073
-nan -nan -nan
143.335 154.07 127.202
152.223 146.957 119.516
148.307 141.557 118.523
152.02 123.399 106.673
151.566 138.561 102.242
136.869 155.966 111.823
149.698 201.791 109.918
164.905 63.7512 113.455
134.375 118.352 180.785
180.184 142.731 131.074
143.746 206.647 122.143
134.88 183.781 125.25
135.04 161.623 152.871
133.339 136.513 159.354
130.121 109.952 147.369
133.073 99.7827 124.649
133.013 62.2331 144.193
173.727 161.497 123.626
171.578 173.33 111.908
175.075 179.14 127.004
161.64 178.456 148.639
136.008 173.18 160.543
163.516 142.768 115.456
160.116 155.074 110.901
166.887 68.9412 139.125
145.391 58.8272 148.777
155.976 85.51 107.346
135.186 76.0576 118.81
147.107 124.151 96.664
153.828 178.731 101.536
168.9 91.9477 157.112
177.337 119.505 146.996
145.803 88.9008 173.214
166.714 127.4 169.667
166.126 145.112 163.958
133.088 90.1255 156.186
131.097 180.242 100.088
132.278 154.698 107.872
174.279 131.705 123.671
181.583 137.296 111.79
159.227 148.17 97.8919
182.166 118.77 133.84
174.16 100.632 101.946
183.179 114.12 107.568
165.242 174.553 119.491
170.346 172.089 126.257
163.828 122.569 134.199
143.958 51.6406 121.514
158.067 147.156 83.1001
141.368 83.5064 126.757
159.538 131.531 161.948
138.521 111.83 162.929
155.476 163.843 109.833
165.029 135.674 111.247
161.458 156.185 127.008
163.194 117.198 96.8905
148.391 68.0968 116.657
164.936 173.021 141.421
151.957 191.228 135.134
147.69 170.186 159.375
173.605 107.551 151.087
153.987 94.2775 157.756
159.938 65.1423 132.483
154.393 71.2891 141.431
172.559 83.7342 128.746
164.574 88.1456 114.515
150.982 92.5147 113.878
169.039 187.524 115.946
139.182 169.618 102.909
150.656 181.143 103.895
142.376 80.4581 141.559
132.395 132.765 139.482
159.43 117.19 161.889
167.837 159.123 145.934
152.316 144.674 170.23
133.48 187.434 107.205
134.994 99.2068 150.415
176.597 102.553 108.253
172.665 106.224 127.863
177.271 124.809 122.776
148.606 81.8936 90.6439
