105.484 202.906 110.067
95.4547 57.795 113.583
119.6 119.569 177.556
76.6162 135.318 131.663
111.406 210.636 118.255
120.658 187.061 126.57
120.425 162.264 148.556
119.938 134.788 153.258
123.064 108.068 149.406
119.291 98.779 129.756
123.268 63.2141 137.428
83.0709 159.228 127.087
86.7361 173.65 109.99
81.4982 177.711 122.874
93.433 182.288 144.941
118.254 172.659 155.772
94.118 140.209 117.344
95.1088 155.443 115.644
93.8337 57.7482 136.284
116.728 55.8471 148.378
94.11 88.1953 109.038
119.739 66.8515 115.289
102.826 127.073 99.6696
100.62 180.473 103.12
91.0993 74.9519 157.199
76.7068 108.756 145.487
107.313 92.7691 173.552
84.8666 126.563 163.499
86.3699 143.202 159.746
121.985 92.2419 155.828
122.124 184.551 101.024
116.986 154.15 109.335
84.915 125.094 126.398
73.9833 131.478 114.519
89.9852 149.887 101.811
75.6215 105.441 131.729
77.9204 110.699 101.174
72.145 110.923 112.588
90.8453 176.112 117.659
86.0592 168.428 128.766
90.9814 112.758 134.66
114.247 43.1807 123.875
91.3196 146.423 86.1507
111.862 75.013 127.158
92.1487 130.364 157.255
114.498 113.362 161.182
100.073 166.718 111.75
91.5941 132.895 114.821
96.4468 153.897 128.359
89.2213 115.136 100.65
105.745 59.1849 115.526
91.1808 175.793 135.036
102.644 192.511 134.29
104.86 173.223 155.234
79.2651 95.7181 151.862
99.9704 88.4145 158.447
99.3442 57.0261 131.79
105.716 63.4345 142.866
85.8876 71.9292 123.433
84.8694 88.2019 112.767
102.192 91.4874 112.234
88.3557 188.07 115.563
113.922 167.006 103.625
103.4 183.193 105.515
114.36 79.9381 143.959
123.472 117.863 139.776
91.3863 113.311 158.625
88.1819 153.437 144.981
97.8812 142.062 162.34
120.805 184.036 108.919
117.918 98.8842 152.45
79.628 99.3818 111.929
83.5101 97.7799 129.431
82.1119 117.774 124.803
104.667 84.9724 92.6703
-nan -nan -nan
112.516 155.008 126.276
103.599 146.656 118.678
107.635 141.849 117.557
102.015 123.049 108.604
102.455 138.93 103.758
117.943 158.616 112.621
-nan -nan -nan
141.762 155.824 126.88
151.28 148.106 119.861
147.214 142.015 118.669
151.578 123.772 108.717
151.537 140.218 103.571
135.488 159.284 113.703
146.106 204.057 107.82
166.286 67.2508 121.16
134.009 122.832 179.368
177.528 135.485 134.201
143.943 209.27 121.055
134.297 186.655 127.536
133.705 159.449 151.979
133.525 135.486 157.485
129.845 110.221 150.508
134.275 98.7333 130.151
132.265 69.0905 141.967
174.048 156.929 127.989
170.611 175.963 114.838
172.975 174.452 125.842
159.605 179.041 148.037
135.839 177.554 153.769
160.868 142.205 116.251
159.517 155.905 116.032
163.817 64.4444 140.932
138.497 61.8716 155.402
161.199 86.253 108.508
137.628 78.4266 120.659
148.663 129.73 97.7194
154.154 180.853 104.678
172.082 88.36 156.67
178.709 116.019 146.103
144.918 95.3868 175.95
170.235 127.031 165.67
165.782 142.003 163.294
131.709 94.7463 161.482
130.649 184.237 99.8543
132.621 157.553 109.615
171.04 130.004 124.954
180.333 134.715 116.994
159.372 150.313 102.604
180.808 114.273 134.693
173.568 110.45 102.938
180.879 113.533 114.765
164.196 176.798 119.616
168.37 167.306 129.812
162.405 120.827 135.015
144.207 51.8167 126.668
159.925 148.195 86.7074
145.105 82.2745 130.647
160.821 130.334 160.093
137.551 114.967 163.303
156.443 167.293 114.299
163.828 135.41 113.347
158.917 155.573 128.268
160.96 118.463 98.4929
152.621 68.0275 118.187
165.964 170.497 140.739
155.04 189.485 137.984
148.02 167.114 158.933
174.764 104.661 151.664
154.366 91.7824 163.828
158.646 61.592 135.339
149.601 66.5385 150.278
168.085 79.4928 135.958
168.881 92.2361 111.866
152.612 98.1117 112.614
166.844 186.382 119.374
139.543 167.568 105.193
150.11 183.202 107.083
142.757 84.3703 147.474
131.22 137.466 140.171
162.809 116.749 159.621
165.345 152.785 144.88
154.452 141.006 165.405
130.74 190.502 105.985
134.938 102.258 152.686
175.382 110.619 109.74
170.619 104.372 131.286
172.75 122.854 127.096
145.623 83.6716 93.733
