103.495 207.552 102.795
90.9052 57.7331 102.749
122.346 111.667 183.815
70.6126 137.353 128.651
110.799 215.424  108.68
118.933 189.926  120.32
 121.12 161.917 151.485
121.833 132.316  161.16
125.651 103.338 149.401
121.493 92.0188  120.64
123.632 59.5231 134.068
75.8733 160.607 129.391
79.3124 177.783 102.987
76.6516  178.93 115.831
91.3435 179.061 149.499
119.331 175.754 158.173
86.4834 139.891 112.517
87.3606 156.693 108.653
88.9791 56.3072 125.283
111.081 52.5668  140.69
90.6464 88.8308 95.2863
118.756 64.3548 107.598
103.475 123.734  88.602
 96.536 178.944 95.9722
 85.833 74.8284 151.393
 71.944 110.933 146.707
109.688 83.2287 175.655
86.9169 121.124 173.102
91.1423 138.213 172.751
123.375 86.1129 161.813
120.261 181.889 94.1007
 111.47 152.943 102.005
76.7313 130.425 117.776
69.5085 140.023 103.012
86.0503 155.695 90.9688
69.3102 109.287 128.315
74.1334  101.41 92.2234
66.4223 111.292 100.889
84.7137 181.202 110.874
81.9755 168.068 125.307
84.2793 112.953 131.303
107.194  44.458  106.42
89.7582 147.481 72.1142
112.216  69.632 118.074
95.8048 123.548 167.372
 117.08 107.028 164.688
93.2297 167.648  106.08
84.3468  136.48 105.579
89.6069 153.558 125.159
87.3903 116.433 85.1438
102.587 60.8289 105.905
87.5518 176.882 133.212
98.8631 200.615 131.833
104.698 176.215 154.819
76.0232 91.2632 140.251
99.0324 86.0801 157.601
91.6276 55.0072 120.381
102.812 60.9084  133.54
81.9228 71.1076 113.319
82.3876 87.0722 100.662
100.335  91.419 100.327
87.4611 191.104 109.816
110.369 166.436 95.8934
100.187 185.751 98.4119
115.355 75.9207 137.234
123.938 115.966  132.57
91.9836 108.334 165.768
84.4817 150.928 147.573
 100.77 137.846 171.845
118.115 187.922 102.275
122.219 93.5752 153.668
74.6041  107.24 95.3896
77.4906 103.883 115.859
75.3219 123.386 114.801
103.863 81.7609   78.79
   -nan    -nan    -nan
105.585 154.568 122.731
97.2538 145.058 113.908
102.791 140.089 112.021
99.0188 122.598 97.2055
97.9244  139.25 94.3207
113.097 159.209 104.603
   -nan    -nan    -nan
148.061 156.415 123.335
156.244 147.839 113.469
151.134 141.518 112.701
153.493 121.855 99.9679
153.899 139.919  94.988
138.268 160.262 105.702
150.577 208.346 102.417
173.646 67.3838 105.018
134.637 113.063  184.32
185.589  136.98  129.92
145.764 214.578 114.674
135.631 188.945 121.456
135.252 159.879 151.788
133.776 132.911 163.575
129.759 105.699 151.829
132.091  92.538 124.167
134.827 64.8014 136.501
179.535 158.049 126.884
174.496  175.04 104.528
181.348 176.254  117.64
167.516 179.068 147.834
137.282  175.37 158.047
165.308 143.164 110.106
166.537 158.415 107.126
170.791 62.2654 133.407
146.777 57.7514 146.595
160.851 92.4231 94.5738
139.203 73.0859 109.751
148.578 129.346 88.0698
157.228 184.459 96.6618
178.858  85.967 152.504
185.542 116.737 145.738
150.344 88.4253 180.972
171.747 124.401 172.257
165.476 137.597 172.807
134.099 87.8014 168.961
131.047  181.27 93.7455
133.481 158.369 103.588
178.068 132.554 118.256
185.615 139.135 107.426
166.225 153.917 93.6168
186.108 115.984 133.848
180.193  103.85 93.0106
187.343 112.653 102.021
170.856 171.835 116.052
175.038 166.384 124.639
169.893  119.08 133.456
149.357 47.7508 116.794
164.347 150.617 76.8192
144.874 77.2751 122.089
162.361  127.34 164.546
139.656 105.269 166.054
160.908 170.947 105.973
168.539 135.092 107.084
166.773 153.946 123.602
 164.51 115.906 86.8661
 156.06 64.2782 110.434
169.507  178.52 131.933
158.423 198.326  128.57
151.206 177.902 151.937
179.267 100.539 146.251
166.821 87.1224 165.707
167.193 60.5105 123.943
 156.48 65.4756 139.227
177.509 75.4652 116.274
173.412 96.1103 95.1292
155.954 97.7618 101.006
171.248 187.806 111.364
141.478   165.5 97.0038
 153.48 186.767 99.1735
142.125 80.2635  144.53
131.736  140.32 137.419
161.768  110.14 170.102
172.729 151.847 144.667
155.673 140.536 171.861
132.355 182.677  99.934
132.786 94.6783 155.807
181.297 107.816 96.3688
178.498 103.081 120.007
180.408     126 116.397
148.508 80.2291 80.4866