106.99 202.042 110.276
95.5511 57.7519 114.39
119.973 119.86 177.031
76.9475 136.405 130.297
111.799 209.633 118.248
120.358 187.27 126.614
119.719 163.669 148.095
119.64 135.151 153.555
123.113 107.206 148.819
118.608 99.9184 128.492
123.437 62.2477 136.743
83.0474 159.374 127.418
87.3153 173.712 111.051
81.7626 177.888 123.732
93.4445 182.339 144.471
118.145 174.007 154.666
94.4257 141.06 114.854
94.8804 155.8 115.889
94.5862 57.8473 135.383
116.795 55.7765 146.923
94.19 87.3181 108.916
119.544 67.3744 114.909
102.81 127.252 98.8017
100.141 180.894 104.236
90.3684 76.7787 156.781
76.4049 110.295 143.681
106.969 91.9232 172.799
84.2364 126.543 162.77
86.2764 143.072 159.651
121.965 92.1352 154.489
122.384 184.695 101.139
116.119 153.661 109.335
83.8022 125.093 125.837
73.7891 127.889 115.77
91.3981 149.727 99.3908
76.1343 105.915 131.216
80.0444 110.662 102.105
73.392 109.226 113.669
91.1119 176.801 118.072
85.7045 169.04 128.963
90.106 113.14 134.005
113.899 44.0413 123.183
90.1312 146.615 86.7332
112.203 73.3608 126.24
91.9208 130.327 157.039
114.434 113.207 161.244
99.2907 167.259 113.287
91.5599 132.221 114.51
95.6177 153.873 128.102
90.0422 113.394 102.097
105.324 59.787 114.665
91.0788 173.581 137.018
102.175 191.266 135.553
104.155 173.358 155.005
78.9908 95.4083 150.11
100.326 89.4421 158.304
98.2239 58.5215 130.649
105.311 63.8101 141.87
86.5824 72.6624 123.762
84.1881 83.7873 112.674
103.055 87.8267 112.867
88.125 187.079 116.332
113.513 167.066 103.329
103.685 182.879 106.057
114.15 79.9439 143.667
123.223 118.452 138.94
92.547 112.748 158.62
87.7784 153.779 145.37
97.7125 142.584 162.913
120.703 184.365 109.018
117.562 99.0346 152.211
77.6191 103.2 110.488
83.4385 97.9105 128.782
80.5627 118.306 123.613
104.481 86.353 92.5484
-nan -nan -nan
109.985 155.262 126.922
103.681 145.228 119.964
107.374 141.234 117.317
100.831 125.149 106.541
101.777 139.438 103.911
117.26 160.166 112.518
-nan -nan -nan
143.799 156.749 126.499
151.374 147.466 120.526
147.272 142.547 117.961
151.352 122.428 109.591
153.363 137.823 105.96
136.155 160.599 112.749
147.322 202.361 107.467
164.028 63.8341 119.864
133.615 123.304 177.68
177.108 135.425 133.53
142.705 208.364 117.278
134.337 186.993 125.25
134.952 162.822 151.411
133.779 137.612 157.533
130.191 110.52 150.477
133.963 99.6489 129.448
132.379 68.6364 141.189
173.487 157.294 127.7
169.232 175.188 114.258
172.601 176.056 124.707
161.479 179.373 146.902
136.688 179.204 153.47
159.913 140.518 117.144
158.429 154.906 115.324
163.314 65.6516 140.206
139.392 63.6464 155.519
156.503 82.7929 109.838
136.308 78.4024 120.555
150.702 128.535 99.12
154.645 179.926 104.596
172.472 88.2358 154.949
178.367 116.175 144.166
146.03 95.0045 174.932
171.525 127.583 163.856
166.869 142.166 162.13
132.128 94.0248 161.841
130.178 181.262 100.141
132.189 157.968 110.728
171.586 129.558 123.387
180.421 131.329 116.983
159.912 148.682 102.076
180.455 113.494 132.975
171.829 104.776 105.124
179.758 108.552 114.155
163.502 176.719 119.32
167.619 168.17 129.765
163.09 120.701 134.023
143.603 52.4002 126.855
162.995 145.932 88.1922
144.366 81.5154 129.735
160.943 130.066 159.327
138.846 115.804 162.892
156.539 166.369 113.554
162.544 133.436 113.226
159.175 156.437 127.565
160.401 111.979 100.163
149.473 67.2179 115.362
165.437 170.993 140.457
154.932 190.12 136.62
148.262 172.661 156.295
176.016 104.407 148.95
154.975 92.4534 162.089
157.439 61.9552 134.523
149.732 67.7332 148.948
168.192 79.1152 136.165
164.984 81.6894 113.229
149.811 93.1671 113.153
164.735 186.194 117.399
138.022 170.151 104.225
149.961 183.946 106.784
142.807 84.003 146.897
131.137 141.093 140.022
162.845 116.457 158.774
165.01 152.752 145.562
154.647 141.731 165.056
130.133 189.155 105.608
134.82 101.903 154.964
172.508 103.862 112.1
170.257 101.987 131.57
174.067 122.694 125.15
144.385 84.686 93.0957
