105.114 202.724 112.596
95.3883 57.9896 112.219
119.554 117.99 177.623
76.3085 135.531 132.175
112.21 210.086 119.775
120.617 186.745 128.332
120.047 162.6 149.027
119.97 132.215 153.971
123.275 106.234 149.042
119.606 98.3352 129.663
123.3 62.9762 137.038
83.5691 158.819 128.218
87.529 174.782 111.626
81.6249 177.786 124.391
93.5818 180.557 147.441
118.457 172.41 156.586
94.4031 140.503 117.158
95.2381 155.308 116.846
93.7798 57.172 134.653
116.706 54.6568 147.121
93.5533 86.4688 108.468
119.771 66.8415 114.63
105.892 126.425 99.3948
101.034 180.117 104.45
89.1221 76.3339 155.321
76.3709 109.114 145.046
106.358 91.1078 172.972
84.2323 125.294 163.911
86.8339 141.676 161.501
122.017 91.6897 157.115
122.736 183.016 102.776
119.133 155.221 110.612
84.3447 125.311 126.108
74.787 131.844 114.453
89.6182 149.772 103.266
76.1323 105.849 131.209
80.4127 113.624 100.286
72.6637 112.346 112.249
90.1146 176.363 118.376
87.3053 168.429 130.092
90.7943 112.066 134.661
113.437 43.3288 121.665
92.7729 148.767 87.1033
112.055 74.4208 125.987
92.4398 129.083 157.723
114.97 110.865 161.848
100.279 166.438 112.861
91.6079 132.407 115.213
96.3625 153.509 129.659
91.3293 118.329 100.822
105.332 60.7853 113.62
91.6737 174.717 136.686
102.611 192.396 136.416
105.496 172.095 156.53
78.5891 95.2907 150.678
99.7366 87.1288 157.281
98.6157 57.1568 130.14
105.327 62.3042 141.223
85.8667 71.5347 121.381
85.2533 86.9587 110.878
103.465 88.8087 112.697
89.4391 188.811 118.099
114.048 167.932 104.569
103.71 183.667 107.148
114.447 78.9443 143.622
123.578 119.332 140.01
91.2552 111.978 158.342
88.1887 152.409 146.037
98.1288 140.828 163.055
121.186 185.292 110.788
117.772 97.6437 152.691
79.1521 103.644 110.584
83.8532 97.4435 128.934
82.2448 117.384 124.49
104.903 86.0428 91.4953
-nan -nan -nan
112.445 154.767 127.758
103.244 146.984 118.693
107.505 141.593 118.024
102.582 123.692 108.636
102.906 140.7 103.25
118.126 158.649 113.376
-nan -nan -nan
141.985 156.035 127.527
152.077 146.529 119.996
147.224 142.138 118.637
151.492 124.471 108.702
151.176 141.171 103.594
135.787 158.54 114.305
146.346 203.959 110.487
166.621 67.8637 120.157
133.576 120.64 179.437
176.924 134.751 134.9
144.996 207.77 125.622
134.525 186.014 129.405
133.774 157.715 153.7
133.607 133.372 158.04
129.669 108.727 150.273
134.208 98.5066 129.812
132.498 68.3671 140.787
173.789 156.178 129.254
170.286 175.618 116.479
173.61 173.693 128.252
160.481 176.846 150.15
136.215 175.554 158.031
160.597 141.575 117.325
159.053 154.548 116.695
163.295 63.8971 140.18
139.065 60.553 154.169
161.196 88.2066 107.476
137.964 78.4269 119.56
147.045 128.978 98.3234
154.158 180.999 106.004
172.213 87.0345 155.978
178.554 114.669 146.436
145.127 93.6256 175.81
169.27 124.496 167.214
165.745 140.258 164.703
131.575 92.9563 161.661
130.888 183.247 102.264
132.363 158.218 111.101
171.394 129.693 125.429
180.412 134.325 117.943
162.718 152.032 103.356
180.814 112.842 135.057
172.565 114.629 100.545
180.765 115.15 113.458
164.562 176.331 121.723
168.296 167.075 131.667
162.879 119.731 135.755
143.743 51.7688 124.529
159.609 149.718 87.9126
144.648 82.3781 129.832
160.159 128.021 161.536
137.463 112.81 164.355
157.159 166.176 115.381
164.264 135.486 114.311
159.151 154.911 129.679
161.609 122.182 98.6105
152.684 68.4 116.371
165.894 169.845 142.236
155.05 188.924 139.683
147.998 165.553 160.64
175.53 103.023 150.579
154.794 90.5832 163.113
158.284 60.4291 133.734
149.621 66.0328 149.235
168.309 78.8946 134.987
168.721 93.5923 111.262
152.359 97.1453 112.692
166.937 185.136 122.029
138.518 167.808 106.101
150.922 183.342 109.095
142.588 82.9697 147.288
130.914 137.524 142.482
163.081 115.248 159.905
165.392 151.567 146.445
154.349 139.251 166.64
130.319 186.436 107.588
134.461 102.401 153.779
175.623 102.411 113.307
170.868 103.551 131.08
173.141 122.151 127.54
145.56 84.679 92.8591
