105.493 200.037 111.809
88.8313 66.6112 111.383
119.37 116.022 180.968
70.4603 135.279 133.796
112.482 205.605 121.241
118.987 179.598 127.856
117.755 155.014 151.862
118.467 130.632 156.404
122.088 108.1 151.281
117.552 96.6119 128.42
121.573 67.3585 141.334
77.3219 158.908 129.676
84.4962 170.024 110.694
80.3338 178.176 126.394
94.7758 176.953 150.509
117.238 169.878 157.453
90.0308 138.329 116.441
90.7499 153.458 114.178
92.6517 61.8976 130.26
110.735 60.736 147.41
92.7725 90.7046 103.994
118.183 74.0459 116.431
104.938 125.533 97.0711
97.0857 178.707 105.274
79.697 84.0357 153.822
68.9739 111.333 146.795
103.965 90.4789 173.35
80.3811 125.521 167.278
86.112 138.872 164.713
120.575 91.3165 159.407
121.786 177.521 102.014
113.481 150.719 109.602
78.3378 127.517 123.658
71.2293 137.925 111.871
87.447 149.628 101.494
70.1627 108.549 132.758
78.744 105.535 96.5115
69.4645 111.427 108.481
88 173.94 119.436
83.1994 166.636 125.864
83.8264 111.32 135.86
111.703 52.9503 115.802
91.6745 148.215 84.5862
111.559 77.9665 125.936
89.3624 126.711 159.954
112.096 108.844 163.261
97.2232 165.083 111.54
88.2493 131.887 112.939
90.6705 148.199 128.796
87.9858 115.889 97.1562
102.574 71.0177 111.752
90.41 167.479 141.997
100.624 185.939 138.04
104.358 163.823 159.2
68.8845 94.5976 148.211
95.908 91.9292 159.197
95.0917 64.3175 125.928
100.722 68.5073 140.044
88.6625 77.3859 125.088
80.9127 89.4873 105.797
101.249 96.3546 108.385
87.493 185.745 118.532
113.227 163.885 103.903
103.349 181.354 107.105
109.976 79.1173 144.074
123.229 116.911 136.228
85.223 113.729 159.637
85.7005 148.612 147.187
98.5521 136.887 167.36
119.07 182.298 110.837
117.173 98.8096 154.567
77.1146 107.266 103.784
74.4506 105.389 121.539
75.8495 122.512 119.148
106.313 84.8571 90.1002
-nan -nan -nan
107.9 151.302 128.206
99.7221 142.775 118.09
104.92 139.021 116.994
99.14 122.661 105.808
100.763 137.711 102.151
115.473 155.932 113.197
-nan -nan -nan
144.745 152.43 127.47
153.209 145.643 118.023
148.725 141.057 117.046
154.414 124.665 105.408
151.2 140.71 101.033
136.287 155.791 111.991
145.242 202.832 110.56
161.475 72.2416 106.549
132.964 118.163 182.2
181.161 141.495 133.397
143.452 206.746 126.414
135.071 180.82 127.236
135.054 155.05 153.275
132.887 131.174 159.672
130.328 109.309 147.596
137.982 99.4584 128.791
134.723 69.8816 143.586
173.916 158.026 122.595
171.705 180.889 109.537
176.137 174.103 118.009
163.346 179.136 147.897
136.978 174.353 157.241
163.219 143.846 114.554
160.767 155.961 111.724
167.113 70.4588 126.719
148.181 66.1383 150.943
161.369 96.5458 102.133
135.163 83.21 121.171
148.282 127.059 95.3558
153.61 181.917 103.936
176.722 92.4145 152.203
182.747 121.2 150.863
148.372 93.7852 173.792
170.067 129.824 169.053
170.352 145.907 160.857
133.563 92.2804 158.942
131.113 180.627 102.273
131.525 154.476 109.329
173.144 138.092 121.189
181.33 144.144 112.409
158.687 153.745 98.2867
185.104 124.162 135.18
177.306 115.867 94.2828
184.359 125.461 106.222
166.025 177.236 114.106
171.123 169.023 121.368
167.695 123.609 134.951
143.293 57.4968 118.266
155.639 150.173 81.954
146.069 87.5397 126.892
162.182 131.502 160.598
136.922 114.52 163.391
154.984 166.705 110.091
165.338 140.647 108.645
162.993 154.719 125.823
165.815 122.96 92.3874
148.298 74.4897 115.048
168.669 174.181 136.747
155.279 189.359 139.29
149.728 164.212 161.266
178.56 107.472 160.335
160.712 95.8673 159.738
159.767 64.5351 120.114
156.196 73.307 138.684
170.558 82.9984 120.348
172.431 96.624 105.395
151.612 100.185 107.94
167.363 188.39 117.207
138.107 166.312 104.63
151.19 183.336 107.097
145.771 83.8094 143.429
131.851 131.985 136.643
159.851 115.882 163.469
168.716 158.007 143.053
154.991 143.411 165.958
131.88 184.707 109.67
134.399 101.669 153.732
179.106 117.085 103.284
176.408 110.987 124.241
177.592 131.424 122.81
147.732 85.8906 88.8897
