102.737 198.889 110.238
97.0127 71.3759 113.897
120.923 113.416  180.28
70.8923 135.727 132.982
109.371 202.938 116.311
120.179 180.939 123.697
119.582 161.068 150.388
120.818 135.759  158.99
123.755 109.726  150.75
121.306 100.189 127.161
121.471  75.063  140.72
77.9691  154.38 126.971
83.4296 174.766 109.243
78.9172 170.396 121.422
92.0943 174.612 146.617
117.964 170.786 158.074
91.1146 139.314  116.94
90.3026 153.067 114.014
90.0023 71.6039 134.262
111.103 65.7089 146.991
95.9487 98.3769 104.853
118.841 79.8303 118.577
101.338 126.816 96.8086
100.031 175.558 101.183
82.0431 89.8293 154.658
72.1499 114.684 148.024
104.537 89.8007 172.704
85.5539 122.632 170.709
87.2048 139.345 166.401
121.205 91.7811 161.264
121.224 177.087 98.6335
118.879 152.552 106.636
80.1709 131.943 125.829
69.7972 137.312 114.595
 86.857 150.836 102.622
70.2031 115.487 135.927
74.6905 111.503  102.24
69.1533 119.986 112.506
88.2892 172.188 113.993
82.5029 160.776 126.359
88.3589 116.359 136.424
112.196 57.5706 122.693
91.0454 149.292  84.524
114.107 86.3304 127.415
92.2126 127.046 162.738
115.229 112.785 162.667
97.5758 162.351 109.923
87.7409 134.937 114.294
92.2401 148.477   128.5
85.6577  126.92 97.9156
107.277 74.6148 118.483
87.0077 167.596 135.072
99.2266 186.983 132.566
103.999 168.678 158.394
74.6708 98.0206 157.123
97.7847 95.0843 159.015
98.7922 69.3858  130.36
99.7158 75.7696 140.639
 82.124 84.4266 125.193
85.4291 99.0477 108.371
99.9021  102.08 111.833
87.6183 187.211 114.906
114.089 165.484 99.5012
102.009 178.295 104.809
 111.38 84.3597 144.098
123.914 125.307 136.309
90.3636  115.34 161.105
84.6934 148.779   147.3
101.242 137.694 168.189
117.878  183.34  106.51
117.503 102.035 152.916
77.6499 106.799  108.81
78.0852 110.655 127.231
76.1109 127.607 125.277
106.445 88.3897 91.9498
   -nan    -nan    -nan
113.045 151.356 127.738
101.774 145.051 118.254
107.069 139.727 118.612
102.033 124.637 107.322
102.691 138.442 102.512
 117.29 155.199  110.88
   -nan    -nan    -nan
  140.6 151.316 128.266
151.385 144.517 118.458
146.448 138.622 118.892
152.678 123.709  107.55
150.342 137.745 101.986
  135.2 154.383 111.861
144.406 198.488 106.389
163.522 75.4244 113.359
133.185 115.286  179.91
  181.6 135.171 137.969
142.728 202.414 119.649
134.493 179.263 126.716
133.616 156.583 154.132
133.233 134.017 160.633
129.911 110.684 148.994
131.802 98.8626 129.117
134.416 72.4089  145.45
175.424 152.701 130.401
170.453 176.637 115.764
173.327 168.613 124.134
159.524 173.542 149.685
136.265  168.94 160.521
163.543 139.104 116.821
162.333 151.037  114.83
167.134 74.5033 133.098
150.218 67.2272     150
158.133 96.8833 105.134
134.905  83.082 122.069
151.177 128.506 94.9116
154.403 176.094  103.03
176.552 93.1057 151.982
179.709 115.625 153.899
146.607 89.7048 174.118
167.802 120.769 173.126
164.704 136.673 168.219
133.462 91.0141 161.305
131.796 175.508 99.1041
131.948 152.097 107.817
172.252 132.077 127.313
182.521 139.441 117.709
 162.94 148.805  102.39
182.416 120.609 139.525
180.287  115.76 100.726
185.755  122.58 112.712
164.453 170.593 120.384
170.347 159.239 128.359
164.716 119.991 138.325
142.109 60.7488 123.302
164.372 149.558  86.118
140.802 88.7082 128.421
160.207 125.893 164.525
138.003  114.61 163.373
155.552 162.953 111.374
165.908 134.085 114.009
160.311  150.57 127.706
 169.02 121.322 98.6531
146.227 75.8425 118.125
164.667 167.402 140.134
151.623   184.4 137.232
146.615 163.039 162.002
180.378 108.274 153.866
158.289 95.9659 162.545
159.619 72.1135 123.408
157.007 75.3028 140.128
174.087  88.369 119.389
173.431 98.1596 104.934
 154.15 100.856 111.929
163.021 183.223 116.814
139.826 158.271 101.931
150.718  177.86 105.598
144.816 84.8576 144.097
130.442 132.104 139.086
160.707 112.684 166.899
167.893 146.875 147.594
151.757 138.125 170.716
133.278 180.278 105.293
135.827 101.928 154.018
179.483 113.383 109.832
175.059 108.233 128.455
 175.13 126.882     129
146.924 88.8789 91.7522