102.348 206.628 105.563
89.655 58.8141 103.881
121.45 106.402 185.457
67.7817 138.003 128.729
109.934 213.494 111.985
118.996 189.016 123.825
121.054 161.284 152.892
121.355 130.9 163.354
124.787 101.165 151.8
120.598 91.5646 122.74
122.452 58.794 135.157
75.0879 159.934 131.037
79.1769 177.3 106.702
75.4779 178.614 118.018
90.5455 180.92 148.572
118.881 174.869 159.907
86.0962 140.237 113.584
87.1275 156.876 108.812
87.8222 57.1484 124.848
110.127 52.9112 140.49
90.6056 90.1508 95.8548
117.028 64.9634 108.875
103.42 125.945 89.1064
97.1392 179.287 98.3092
82.2428 76.6328 151.078
68.3048 112.808 148.005
106.652 84.5157 175.915
83.2497 118.862 173.994
87.3164 136.24 172.137
122.106 83.2965 160.443
120.531 181.927 96.6597
113.7 153.388 104.841
75.4477 129.961 119.41
69.1186 140.575 105.184
86.0553 155.731 92.5273
67.413 109.534 130.512
74.3312 102.384 93.1974
66.4411 111.558 102.561
83.8681 180.426 113.068
80.1947 167.578 126.971
81.3148 112.188 133.019
105.414 44.6041 105.98
90.3838 147.564 73.3559
111.432 68.5924 119.201
93.5518 122.257 168.697
115.517 104.666 166.721
92.4267 167.491 108.075
83.2295 136.321 107.273
87.5315 153.131 126.093
89.018 119.424 85.1562
101.263 60.3146 107.209
85.9761 176.136 135.453
98.3471 198.652 133.979
104.07 173.097 157.755
72.4093 93.4903 143.031
95.61 84.7596 157.331
91.3431 55.0726 119.405
101.428 59.2939 134.492
81.7444 71.8762 114.965
81.6553 89.291 100.594
100.019 90.4232 101.697
86.1006 190.058 111.101
108.86 164.004 97.6642
99.9692 185.254 100.937
113.911 74.8352 138.102
123.275 121.399 131.961
88.4871 107.214 166.267
82.1996 151.01 149.22
98.5089 136.608 172.849
117.789 187.395 104.854
121.624 93.5378 157.422
74.4295 107.623 96.9201
76.1392 104.405 116.896
73.7139 123.623 116.023
103.866 81.3313 80.4952
-nan -nan -nan
104.439 152.29 125.273
96.6759 143.853 116.796
102.632 139.454 113.956
98.7991 120.454 100.084
98.3951 138.328 95.9748
113.33 158.324 107.111
-nan -nan -nan
148.202 154.492 125.088
156.287 146.132 116.379
150.909 140.73 114.499
152.83 120.152 102.013
153.47 139.128 97.2472
138.023 159.084 107.71
149.731 207.481 103.726
172.206 66.4089 105.625
133.04 110.814 183.162
184.827 135.704 131.908
146.333 213.647 118.099
135.933 188.08 123.663
135.684 159.619 153.99
133.947 133.101 166.096
129.045 106.129 153.487
131.472 92.041 125.219
132.501 66.4156 137.843
179.823 156.676 129.628
173.971 173.741 107.708
181.669 175.742 120.734
168.328 179.436 147.855
138.552 175.582 159.9
166.296 141.373 113.111
166.76 157.234 109.574
170.351 61.5669 133.095
144.777 57.8797 148.613
159.707 87.1992 98.1309
138.259 72.3683 110.738
147.402 128.328 90.1381
157.484 183.17 99.416
177.173 83.0098 154.223
185.06 114.607 147.35
148.227 90.7504 182.195
169.138 122.157 176.612
167.259 135.402 174.914
133.898 83.7078 164.287
131.072 181.38 96.4777
133.81 156.58 106.001
177.88 131.192 120.349
185.421 136.637 110.318
164.141 151.577 96.1044
185.926 114.517 134.742
177.324 103.963 94.3184
185.382 114.705 101.336
171.658 170.571 118.724
175.821 165.327 127.282
170.233 117.85 135.523
146.445 47.8665 117.238
161.779 150.558 78.3286
143.619 75.6756 123.69
163.328 125.616 167.129
139.118 104.838 166.418
160.698 169.374 107.167
168.23 134.435 108.301
166.966 154.039 125.782
160.648 117.016 86.7871
154.965 63.1653 111.273
170.101 177.496 134.581
157.51 195.648 132.963
152.96 175.301 155.482
179.604 98.541 148.675
159.298 86.783 164.899
166.171 59.7452 125.525
156.003 63.4519 139.796
176.039 74.8348 116.795
170.679 95.3987 96.1471
154.879 97.3979 102.368
172.05 186.273 114.022
140.837 165.425 98.5844
153.327 185.866 101.496
141.339 78.7864 145.555
131.718 143.729 140.798
162.298 112.138 167.652
173.803 150.447 147.363
158.389 139.542 173.74
132.292 182.789 102.893
131.499 94.5591 156.959
180.331 108.549 96.4516
177.858 101.265 122.384
179.646 124.22 118.875
147.209 79.4138 82.4063
