106.541 199.246 109.759
89.1064 62.6507 107.516
118.632 111.747 179.983
73.9079 136.679 129.823
111.954 207.588 118.66
119.367 184.205 127.067
120.507 160.017 154.443
121.239 135.12 160.685
123.077 105.025 150.369
119.989 96.08 125.253
121.573 59.9727 139.389
79.92 158.193 128.515
85.5845 181.009 112.215
82.1102 175.23 121.642
92.6921 176.331 151.175
118.006 173.884 160.625
91.6617 141.959 115.603
94.7488 156.479 114.699
90.6337 57.7945 127.707
110.258 55.6294 144.723
90.9739 92.5354 101.874
115.599 70.8745 114.411
105.798 123.666 97.9652
100.443 178.992 102.399
85.5042 78.6706 153.135
73.0434 110.463 144.981
108.733 85.0421 172.184
84.4476 123.145 165.694
88.73 139.339 165.176
121.335 88.2805 157.634
121.428 183.845 101.85
113.887 152.278 109.094
80.6179 129.925 120.71
70.8203 134.57 111.779
87.1602 150.607 99.512
72.2208 107.962 133.569
77.372 105.171 98.3327
68.9703 108.443 109.78
92.0296 182.438 115.506
86.5443 166.896 126.698
87.4519 113.043 133.162
111.186 47.3431 113.726
88.3419 145.008 84.4383
110.319 72.2688 124.1
91.2437 127.505 159.426
115.254 111.247 163.605
97.437 168.11 110.899
88.9601 133.532 112.859
94.0817 153.391 127.934
89.5496 118.217 94.0363
99.0425 67.2594 108.316
89.9277 174.509 136.973
103.862 194.894 136.775
105.946 173.113 159.202
80.3395 94.8333 151.515
99.3152 87.4154 158.45
96.3416 56.8182 121.538
100.059 63.9876 136.695
85.4586 73.1935 122.794
85.1474 92.2486 108.591
99.4287 96.5991 106.486
90.7083 191.505 119.568
112.768 164.652 103.294
102.24 182.372 104.411
112.479 79.4536 137.135
122.267 115.557 139.628
89.7366 113.7 157.065
85.7329 151.416 148.847
100.52 141.995 169.191
118.088 182.598 109.361
117.796 96.5458 152.539
77.1151 101.473 107.8
78.7082 101.497 124.896
77.5 121.654 119.295
105.702 83.4297 86.8765
-nan -nan -nan
108.362 152.683 130.717
101.161 143.745 121.284
106.415 141.587 117.056
99.8775 124.569 104.382
101.114 139.792 101.771
116.931 160.188 111.28
-nan -nan -nan
143.516 152.683 128.915
151.752 146.321 118.716
147.213 142.725 116.884
153.743 124.61 106.164
151.35 142.736 100.802
135.636 159.623 111.321
147.342 201.264 109.498
169.309 70.0449 108.939
133.678 113.448 180.916
179.647 137.173 128.649
145.475 204.399 125.315
135.609 184.196 131.087
135.756 157.664 156.057
133.677 135.283 161.666
130.282 107.912 150.915
133.026 96.6985 125.412
134.693 65.7984 139.957
175.616 156.509 127.111
170.282 180.355 111.482
173.057 173.726 120.675
162.564 176.005 146.58
139.298 172.235 163.022
162.853 143.545 113.75
160.203 155.438 113.182
167.309 64.4101 132.412
144.797 60.8813 148.568
160.886 95.0617 103.362
138.236 74.9791 115.815
147.692 129.811 96.4424
154.32 180.788 102.025
171.387 85.7088 154.445
181.101 115.522 146.63
147.239 89.0072 174.515
167.788 125.875 165.032
165.903 139.05 163.672
132.391 88.7975 162.139
132.938 182.307 101.608
132.521 158.602 109.391
175.238 131.427 118.407
185.535 133.86 113.11
163.781 151.424 100.217
183.608 113.372 132.97
177.596 109.496 97.3613
186.534 113.975 107.988
163.13 179.611 116.392
168.517 164.827 124.678
165.525 120.5 132.206
148.914 51.8459 116.922
162.604 152.888 84.4196
145.29 80.1456 126.05
161.143 128.404 158.974
138.662 110.357 162.905
154.88 167.289 109.764
166.617 135.445 110.157
160.027 155.518 125.684
165.989 123.575 93.9639
154.819 68.8189 112.648
164.545 170.239 136.814
151.887 185.735 138.928
149.543 166.261 163.105
172.67 103.36 152.746
154.571 89.6565 160.722
160.84 60.6692 124.002
154.015 67.5668 141.247
169.805 77.7697 127.537
169.797 94.1773 108.763
155.342 100.627 108.635
165.46 186.558 119.165
140.626 164.374 104.424
152.872 180.557 104.426
142.153 83.8629 143.452
130.973 131.296 140.962
161.749 115.849 158.788
168.906 151.353 142.681
154.134 139.824 167.429
134.279 188.214 109.65
134.294 97.2013 154.283
180.544 107.886 105.554
175.157 103.242 125.184
178.286 125.51 121.614
148.631 84.8066 86.6237
