104.561 197.668 108.763
90.6564 72.6724 115.011
116.998 126.256 183.101
76.1872 137.846  132.41
113.198 202.869 117.766
120.561 179.039 127.217
120.341 159.497 152.397
120.471 138.264  158.26
123.863 111.277 150.203
120.589 100.974 128.615
 121.48 74.0593 140.585
77.4216 156.902 128.926
 83.282  171.23 107.763
80.9013 170.121 121.807
95.2238 178.791 143.689
  119.2  174.31  154.77
   92.5 140.287 118.381
92.8302   153.3 113.426
94.3436  70.319  137.57
114.497 66.6527 149.384
95.4806 94.1075 107.003
116.725 82.7158 118.747
105.101 125.366 98.8593
99.0427 176.155 101.996
86.0901 93.6363 157.428
 74.567 117.776 149.246
105.487 98.6586 175.492
85.0929 129.359 164.939
89.5401 142.227 164.556
121.365  97.382 162.059
121.462 179.248 101.438
113.032 148.845 108.945
83.8459 130.408 123.582
73.1528 136.246 112.337
91.1051 148.884 100.365
73.4921 113.529 136.312
 80.263 108.516 101.772
72.5362 111.511 113.483
88.3415 172.756 115.053
84.7862 161.483 127.862
90.8058 117.136 138.038
113.417 58.3105 121.399
92.2979 143.401 86.1207
110.161 87.4209 128.226
93.8994 132.052 159.866
116.011 118.749  164.56
 97.973 162.396 109.566
89.3485 135.373 113.984
93.8269 150.777  128.67
90.8627 117.748 102.525
100.668 74.4723 114.557
88.3075 166.656 140.056
 102.34 188.331 134.987
107.452 168.823 158.971
   77.4 100.648 149.057
99.2836 101.734 160.501
100.324 70.7014 131.212
104.048 75.2729 145.623
83.9683 85.0857 125.175
82.0419 92.9152 111.885
 103.11 98.6539 112.768
86.4139 182.134 114.483
114.151  164.02 102.115
102.563  176.94 104.942
112.114 88.3153 146.049
123.141 125.434 141.376
91.5538 120.758 161.759
88.0965  150.82 144.499
101.686 143.093 170.591
119.894 182.073  110.15
117.651 104.501 155.387
79.6229 106.616 111.834
 81.866 109.922 125.552
78.5787  125.06 122.812
105.838 87.1708 92.4142
   -nan    -nan    -nan
111.806 153.864 127.631
102.617 146.679 118.642
 107.26 140.104  119.36
102.699 124.446 108.255
102.583 138.165 103.095
117.171 155.984 112.695
   -nan    -nan    -nan
140.191 154.648 128.907
150.313 146.639 120.974
145.291 140.667 121.306
150.139 124.136 110.924
149.594 139.184 106.464
134.545 155.982 114.333
148.232 198.522 105.928
167.018 73.0547 120.668
134.304 122.134 182.159
177.447 138.038  134.83
142.039 203.025 116.481
134.214 181.634 124.525
133.492 161.008 151.967
132.938 138.414 160.039
129.558 113.139 151.183
  132.8 100.262 129.214
131.729 74.4063  143.69
172.356 154.487 127.434
171.061  170.89 114.267
173.951 168.632 125.145
164.352 174.641 143.195
136.515 174.889 156.394
162.275 140.898 119.324
161.073  153.83 116.727
165.159 75.3744 142.111
141.371 70.7768 156.275
157.995 87.4807 110.571
136.586 80.5976 119.989
149.112  128.14  99.433
155.659 175.731 103.755
167.626 90.7211 156.425
174.329 115.265 157.376
142.128 94.5477 177.733
166.067  129.14 168.517
162.811 141.965 164.527
131.348 95.2541 162.217
132.555 177.919 99.4415
 131.64 154.877 110.831
170.282 129.204 128.143
182.072 133.325 118.746
162.589 148.179 104.994
176.582 114.557 140.893
172.924 107.742  106.47
181.001 110.972 115.392
164.898 172.215 121.161
168.518 162.638 129.219
 160.06 119.852 139.203
145.804 60.5172 129.021
163.116 146.671 90.2282
143.207  88.121 129.669
157.638 131.917 161.001
135.464 117.482 164.698
156.382 165.487 114.366
163.313 132.481 117.337
158.708 151.832 129.715
 163.29 114.026  105.13
152.239 73.2289 119.085
167.932 169.966 135.244
153.503   184.7 136.959
149.211 166.469 158.325
171.546 102.185 154.837
 152.11 95.7371  164.42
157.682 72.6449 134.786
151.553 78.3246 149.871
165.097 85.0787 131.294
164.541 93.9452 114.337
151.894 101.265 112.769
167.966 182.856 117.184
138.771 164.011 103.863
151.669 178.401 106.489
141.934  90.362 147.466
130.254 136.027 138.954
 158.35 116.813 167.421
167.824 150.786 142.564
152.716 143.339 164.864
133.891 181.097 106.035
133.465  105.55 155.852
174.335 106.361 113.168
173.204 106.944 130.826
172.355  122.32 129.735
146.533 86.7665 94.3606