105.3 201.325 107.399
90.1255 65.9362 94.0765
118.811 103.475 173.922
70.6396 133.055 130.381
112.697 206.25 114.424
121.657 183.337 121.043
121.239 157.214 150.357
120.295 127.316 156.469
124.761 101.654 145.188
122.72 93.5181 118.952
125.325 65.7835 119.842
79.6484 160.208 117.747
84.191 173.023 106.93
78.7222 183.478 117.933
90.4999 176.828 144.932
118.905 167.403 157.452
90.2384 138.078 113.99
92.2068 153.961 108.078
93.9548 58.8447 113.538
119.419 53.8887 129.734
92.2018 93.9866 92.8191
120.312 68.611 98.3047
105.456 127.079 88.6943
101.147 178.387 97.5117
83.9588 72.0663 138.384
67.7593 106.312 138.076
101.718 78.5012 159.979
85.6275 100.195 167.068
93.5454 134.413 169.677
120.77 81.5146 152.785
125.14 178.799 94.8659
119.182 151.194 103.262
77.3305 126.642 119.83
68.28 131.609 108.379
88.312 150.683 95.386
68.1915 106.742 124.017
76.1667 111.507 87.0759
68.0418 118.847 98.8857
86.4355 176.762 111.589
82.67 173.906 118.818
84.196 110.586 130.359
120.201 46.2005 102.151
94.4772 148.776 77.9795
115.898 73.5522 112.596
91.3994 116.844 166.524
114.347 101.491 157.424
99.2624 165.767 105.327
88.0192 131.794 108.563
91.5 151.927 123.972
89.9077 124.821 86.4562
103.074 66.673 96.3412
87.5159 174.85 130.808
99.2676 188.171 133.85
105.039 168.658 155.706
73.1268 89.6268 139.236
96.8805 78.8622 147.135
97.7254 60.4933 109.379
104.966 59.5648 123.966
77.5972 80.8913 105.872
83.4829 98.2922 95.9713
103.875 91.4864 99.8539
89.7744 191.174 111.492
115.337 164.171 97.0229
103.873 182.186 101.078
116.1 75.5031 132.02
124.758 107.22 127.94
84.9315 102.106 161.468
82.1816 154.171 138.089
100.28 133.809 170.393
122.085 185.956 104.646
120.655 90.3353 148.345
73.9095 116.781 92.889
75.5936 105.182 113.435
76.3683 120.329 117.021
104.79 84.1757 78.1181
-nan -nan -nan
108.05 150.26 124.519
100.119 143.292 114.208
105.723 138.632 112.089
102.651 120.566 100.73
103.724 138.299 96.0268
119.919 153.457 106.076
-nan -nan -nan
149.289 147.725 126.839
157.207 140.764 116.78
152.113 136.425 113.989
157.446 117.161 102.42
155.173 136.101 97.8336
138.501 153.016 107.049
151.452 198.709 102.8
167.58 67.5621 102.124
134.055 110.412 186.768
184.313 129.548 131.948
147.567 202.675 115.691
136.88 181.279 123.404
133.723 155.797 154.394
132.061 131.249 160.233
129.022 103.853 147.54
134 91.5131 123.328
136.037 65.9027 131.177
179.298 150.293 125.36
175.953 181.673 112.429
179.564 169.55 120.078
166.456 172.575 146.332
135.791 164.179 159.697
167.287 135.213 114.205
165.266 150.72 112.479
170.25 65.2145 127.049
147.513 60.2174 146.879
161.14 91.4776 95.1064
137.788 77.0506 109.324
154.07 124.59 89.8755
157.74 174.386 99.3236
181.871 89.2424 148.774
185.433 114.096 149.044
150.787 81.9469 172.562
175.595 117.04 166.778
166.053 137.069 168.017
134.547 88.8794 166.755
134.909 176.534 94.1288
134.386 154.251 104.327
179.426 125.144 119.613
188.495 130.466 111.695
166.047 145.805 98.7922
186.028 111.579 132.529
182.09 99.8396 93.9521
189.937 110.842 106.235
168.977 176.951 114.977
172.861 162.126 123.27
170.085 112.271 135.343
149.237 55.064 109.24
168.437 145.155 82.5252
147.066 75.4627 118.269
163.641 120.19 166.237
136.28 108.752 169.096
158.572 164.378 109.64
170.665 128.002 109.833
165.213 150.115 127.222
170.765 113.652 88.9782
155.349 70.4762 106.27
169.783 168.171 137.085
158.861 185.803 134.813
149.941 170.647 154.381
184.105 101.066 153.189
161.16 89.9187 164.4
163.916 64.1291 120.87
160.099 69.7703 144.875
174.988 78.8266 115.822
175.305 93.2085 94.0525
157.584 97.9234 100.334
172.846 186.264 116.962
143.303 162.489 99.0236
155.632 179.726 102.132
140.785 74.0533 140.139
131.771 128.716 133.121
169.249 100.251 169.162
173.63 147.902 143.937
151.894 133.159 171.283
136.433 177.993 99.863
134.047 93.9002 157.601
185.003 105.551 99.8306
183.151 100.899 121.923
181.639 118.379 119.207
150.989 81.2298 80.0961
