102.362 205.206 108.772
84.5139 65.5187 106.737
119.986 110.499 183.701
68.8218 136.753 132.386
109.696 212.522 116.425
120.491 186.549 125.748
120.394 160.992 153.811
121.213 130.895 160.985
124.509 100.623 148.904
119.813 92.728 121.451
118.865 62.4765 139.324
75.9908 158.279 127.159
78.9428 180.053 107.967
76.4491 178.268 122.399
90.7483 178.682 150.831
117.972 173.38 161.129
87.7817 140.044 112.133
89.5982 155.088 112.56
86.7136 63.3129 129.843
106.081 58.1848 143.304
85.2937 90.1184 99.6245
115.289 70.0899 110.324
102.671 129.305 92.242
96.5995 180.518 101.461
85.3427 81.9014 156.79
74.1706 112.075 149.708
107.486 82.6856 171.317
83.3233 124.153 169.288
84.8194 138.759 165.885
121.102 82.8401 158.804
121.067 179.865 98.1644
115.854 150.375 105.092
72.2127 126.396 122.845
65.8469 137.16 112.195
85.8464 153.713 95.9387
67.4112 112.934 134.489
71.4864 114.729 96.1475
63.4573 117.432 107.673
86.3218 175.238 114.167
82.1594 171.334 125.168
84.842 112.173 134.696
106.802 47.9952 116.449
87.4297 148.951 80.4045
109.397 71.7272 120.758
92.3289 125.075 162.937
116.99 105.192 166.317
96.1035 165.868 109.245
82.8804 134.548 110.423
90.8207 152.463 126.77
83.994 121.421 92.759
98.0112 67.0262 103.682
88.3028 174.799 135.955
100.66 194.721 135.033
104.59 167.515 160.713
78.826 96.7985 148.808
100.19 86.8754 161.875
90.3728 59.6654 124.989
95.0936 68.98 141.218
70.8858 78.6838 116.291
78.1661 95.9612 104.991
97.6742 94.5234 102.132
84.85 189.957 116.21
113.135 163.861 99.016
99.8542 182.902 102.787
110.478 76.8745 136.518
122.759 104.897 132.771
91.7214 110.817 163.087
83.2195 148.235 145.099
98.9993 138.282 171.242
119.611 186.438 106.372
118.743 92.3158 154.151
70.4656 107.146 106.097
75.4674 103.831 123.608
70.4665 121.004 118.911
103.268 79.5888 85.4445
-nan -nan -nan
108.233 149.899 127.877
99.3628 144.227 115.893
104.567 139.263 114.183
99.5186 123.096 101.656
100.641 139.86 98.1656
117.213 156.509 108.957
-nan -nan -nan
146.539 149.196 127.309
155.592 142.562 115.067
150.086 136.756 114.482
155.237 120.621 103.061
154.938 137.916 97.8613
138.068 154.783 108.555
147.801 202.98 105.552
172.247 65.7764 103.341
133.124 104.87 183.607
184.098 134.841 131.307
145.142 210.383 120.861
134.319 184.686 125.136
134.117 157.47 155.433
132.178 129.647 161.797
129.398 101.011 148.462
134.123 90.2869 120.614
131.437 57.8134 134.59
178.477 154.699 124.62
177.601 174.385 113.821
177.193 176.667 127.226
163.743 174.154 148.359
136.809 172.069 161.192
167.833 137.279 114.428
165.369 153.565 109.011
169.564 61.9226 126.083
144.203 56.6372 144.462
166.707 86.8964 98.0798
135.804 68.5068 109.673
150.767 130.341 92.0499
157.196 178.709 99.4828
171.86 81.8876 153.684
180.604 114.26 147.417
145.868 82.3232 174.508
170.353 121.017 168.555
170.152 137.022 163.343
130.979 79.3717 160.521
132.179 177.718 97.5466
133.352 153.556 106.171
180.845 125.069 121.646
189.048 133.021 113.943
169.263 150.447 97.7474
186.158 112.291 134.076
186.315 114.532 94.5354
191.471 113.587 108.853
170.6 173.578 121.397
172.854 165.607 124.087
167.858 113.986 133.437
147.098 48.8634 110.258
167.571 151.182 81.3479
143.825 70.7998 120.255
162.765 122.066 161.879
135.994 103.178 166.061
160.904 164.053 107.173
171.079 132.022 109.443
164.259 150.717 124.885
172.802 119.321 93.2703
152.778 67.0662 101.891
165.886 169.874 140.323
153.866 191.177 134.598
149.137 162.138 162.959
177.238 104.175 157.726
155.083 84.9477 162.984
162.206 59.0566 121.195
153.606 65.3521 139.582
173.388 77.2923 117.109
181.375 93.5763 99.233
156.894 97.2041 101.002
168.906 186.453 117.193
141.165 164.341 98.4917
154.328 179.273 101.546
141.254 75.5903 138.423
132.022 118.929 133.934
161.004 108.987 165.528
170.668 149.89 143.91
151.903 131.47 172.618
132.863 183.986 103.957
132.746 90.7547 154.089
185.352 111.171 102.929
177.689 100.802 125.446
183.777 120.636 122.785
152.733 80.7178 84.6838
