103.785 194.742 110.336
100.121 67.0344 121.03
121.709 127.668 182.984
71.6057 138.352 143.728
110.134 200.669 119.451
118.681 177.323 127.123
121.908 160.742 153.851
121.95 138.366 161.418
124.586 111.96 151.024
119.004 101.694 130.448
124.84 81.419 140.484
78.0439 154.194 132.891
79.7845 166.55 113.037
79.8626 177.275 130.168
97.5343 175.925 149.106
119.951 173.469 158.511
87.9405 138.305 122.396
88.2433 151.83 117.585
92.3895 73.1266 140.449
118.694 75.1037 154.272
92.7829 93.795 110.433
116.967 79.8148 122.126
103.789 124.746 101.435
95.9675 172.534 104.379
86.9679 91.6075 158.489
72.7444 116.009 152.119
111.041 99.3829 174.407
86.8256 131.528 169.904
92.6671 144.311 170.276
123.57 101.701 160.784
119.091 172.191 102.365
113.658 147.525 112.549
75.984 130.724 131.877
70.6477 141.637 110.654
86.2505 148.961 101.813
67.455 115.745 140.927
74.2333 109.166 103.799
66.5119 114.052 115.827
86.4592 168.98 121.358
82.5442 166.415 131.761
86.0462 117.998 142.999
112.916 62.0014 138.108
93.3714 141.19 86.898
112.31 87.2206 130.997
95.1733 134.452 164.643
118.277 122.033 165.919
94.7123 160.74 112.96
83.7934 135.286 116.677
91.3078 150.659 133.09
84.3815 119.245 102.939
107.925 71.8235 124.794
91.3845 168.629 141.18
102.813 182.233 140.918
107.327 170.261 160.659
74.8584 101.929 153.717
99.1103 104.402 161.789
98.2959 72.7637 136.97
106.202 80.5788 148.387
82.1011 81.8813 126.174
82.9314 94.5861 113.492
97.4426 100.987 116.111
85.4566 181.948 118.091
109.771 157.458 105.066
98.9273 174.987 106.45
113.572 91.1482 147.26
121.841 120.022 140.897
89.1568 118.846 167.635
89.93 151.958 151.563
105.261 146.28 177.455
115.43 177.489 110.114
120.248 107.125 155.772
73.7266 110.242 112.147
78.1413 108.799 129.142
76.8333 122.459 135.171
103.003 82.5776 100.231
-nan -nan -nan
108.739 151.532 129.83
98.7281 142.864 122.79
103.635 138.105 122.321
98.5414 122.134 111.798
99.9904 134.78 107.099
113.303 153.197 114.374
-nan -nan -nan
141.578 153.623 127.918
152.404 144.843 122.01
147.781 139.711 121.613
154.92 123.498 113.071
152.151 138.145 106.818
135.551 153.3 114.107
147.375 196.24 110.873
173.517 76.806 125.407
140.224 117.594 180.44
182.653 133.239 141.934
141.778 200.83 120.997
132.815 178.608 124.788
133.026 152.32 157.86
133.922 130.087 161.462
131.647 109.684 152.719
136.151 100.458 131.766
134.167 80.3389 142.477
177.934 149.746 129.646
172.714 170.271 110.425
174.326 169.184 127.257
161.499 169.074 148.878
135.575 168.955 159.321
163.343 141.014 120.289
163.281 154.387 116.072
161.227 76.6702 149.257
142.186 75.585 156.517
165.023 97.1834 109.301
140.329 83.4088 121.109
151.897 127.615 100.831
153.895 176.109 103.428
171.847 95.6707 157.627
181.152 116.459 153.756
150.775 101.524 174.058
170.737 124.704 166.878
166.19 134.477 166.895
136.167 96.3723 167.607
129.478 174.491 100.739
130.827 152.328 112.948
177.543 132.297 129.36
188.029 132.693 118.871
164.57 146.637 105.944
188.633 122.251 140.049
181.739 109.293 104.33
189.618 118.451 114.618
167.232 169.43 120.44
171.514 161.105 132.686
167.16 122.486 139.705
147.739 62.8101 127.069
162.136 146.326 87.9634
144.627 90.0946 130.187
163.541 127.33 161.851
136.659 113.631 166.632
157.78 164.394 113.103
166.607 134.833 117.374
161.521 149.546 130.786
168.793 121.037 102.112
157.515 76.8968 120.567
165.909 161.519 140.988
152.875 180.25 142.175
150.54 150.334 168.165
179.401 107.662 153.846
157.271 102.923 161.548
157.241 72.5751 136.273
150.065 79.5976 150.397
169.859 86.7257 133.348
173.549 93.0167 116.601
158.083 103.678 113.735
168.221 180.018 115.779
137.835 163.671 104.907
150.485 176.731 104.853
142.52 92.5303 148.565
132.15 131.012 142.362
163.795 115.055 166.287
176.798 146.756 143.844
150.633 132.31 170.838
128.568 173.565 105.812
134.191 102.773 159.035
182.591 110.017 114.135
176.045 109.103 131.794
182.616 126.548 131.555
149.499 82.7853 99.3826
