102.729 202.784 111.196
89.8203 62.7523 110.338
120.209 107.558 177.896
71.3353 136.33 134.958
112.943 209.542 117.03
121.478 183.169 125.987
122.445 156.987 152.642
121.495 132.021 159.844
123.077 106.137 149.158
118.463 96.4791 125.241
122.203 59.2888 132.46
79.0926 159.848 129.823
84.9584 172.51 107.105
76.4397 176.549 121.693
92.6578 173.636 155.684
119.965 169.377 161.453
91.0302 140.697 115.669
92.3358 154.689 113.571
90.0887 60.6288 130.312
113.993 53.9445 141.42
94.9563 89.4592 101.869
117.055 73.2903 112.398
107.122 126.994 95.2376
99.3166 178.234 99.2572
84.3399 78.2209 153.563
71.6799 109.453 146.757
107.236 80.6656 168.863
85.0609 122.533 170.789
85.8158 137.98 166.504
121.423 87.2327 157.827
122.645 179.468 99.5453
116.288 151.973 108.105
79.4813 129.978 122.101
69.5266 135.396 109.522
88.8766 150.812 96.7804
74.2476 110.434 129.745
78.6336 109.239 95.6516
68.8839 110.358 105.321
88.7555 174.056 115.301
83.5352 171.078 129.116
86.6937 113.775 136.49
111.86 47.2624 111.713
92.7047 146.164 80.0691
111.385 78.5419 123.016
92.3601 125.272 163.839
114.223 106.578 162.805
99.1328 165.827 108.424
86.6804 134.702 110.692
93.0524 154.771 128.725
89.9745 119.754 91.8677
104.567 60.4437 113.649
87.5841 176.01 136.168
103.35 195.03 135.976
107.701 171.15 158.608
78.313 92.8984 152.646
98.3765 84.1751 156.656
95.4804 54.9307 126.171
102.396 63.1663 137.729
86.8115 75.3362 122.623
85.8218 95.9536 105.98
101.403 93.4473 108.022
85.2118 188.19 111.62
115.594 169.871 99.885
102.332 181.728 101.801
113.839 76.79 138.866
122.831 117.564 137.204
88.1706 109.643 164.203
85.452 149.612 148.443
102.24 135.823 171.608
119.543 182.421 106.276
116.906 97.6971 152.541
76.1247 117.174 98.1815
77.6771 103.001 121.493
77.4973 124.054 121.234
103.359 81.0292 86.0762
-nan -nan -nan
109.53 151.889 128.588
100.586 143.825 117.651
106.432 139.572 116.887
101.378 123.473 104.111
103.747 138.887 100.678
118.489 156.15 111.857
-nan -nan -nan
146.3 152.513 128.33
155.569 143.448 117.881
149.844 139.971 117.131
153.533 121.775 105.484
151.99 138.622 100.205
136.757 155.697 111.438
148.884 203.287 108.778
164.206 64.2935 115.344
131.819 115.066 183.294
183.684 132.958 135.123
143.615 206.945 122.288
134.529 181.722 126.323
132.83 156.848 154.369
132.323 132.309 159.658
128.417 108.115 149.508
133.576 97.3097 126.67
132.202 62.9794 138.486
178.309 152.032 126.803
175.246 173.19 115.373
179.45 172.37 129.769
161.487 178.625 150.342
135.293 169.673 161.252
165.83 141.511 113.641
165.187 155.045 113.574
166.447 65.6156 137.131
142.378 57.8135 151.253
159.552 89.1988 103.498
135.077 78.1698 116.223
148.015 127.692 93.3963
156.202 179.604 102.11
174.627 87.0452 153.521
181.873 114.574 153.725
141.072 86.0022 175.981
169.291 123.475 170.305
168.025 139.933 168.254
130.201 88.9184 159.042
131.786 177.797 99.2942
132.826 154.65 109.969
176.707 129.107 125.031
184.785 135.442 112.618
162.608 151.15 97.8172
185.008 115.753 136.484
177.231 109.253 95.7926
186.482 114.255 107.897
171.901 174.35 122.797
173.203 164.078 127.199
168.093 117.515 137.966
142.32 50.8469 118.599
159.509 146.2 81.0765
142.149 82.995 126.513
161.618 125.81 164.255
135.511 112.239 163.27
159.341 166.803 112.87
168.282 134.184 110.714
163.648 152.865 128.322
165.396 120.057 89.7811
148.571 65.2162 114.73
168.511 167.694 143.334
154.998 189.833 136.858
147.43 165.724 161.953
177.337 102.584 152.649
154.844 89.2461 165.238
160.838 63.4843 129.344
153.383 67.2789 144.959
173.484 79.242 127.876
168.561 94.2513 109.992
152.181 95.207 110.07
170.005 186.799 116.945
139.717 163.174 101.729
152.398 180.875 104.362
141.547 77.8273 144.34
130.396 123.472 137.125
163.938 110.964 168.091
170.102 149.341 147.989
154.939 138.35 172.227
133.989 182.66 105.897
134.775 99.3777 153.899
180.656 113.094 101.43
176.7 106.057 124.975
179.842 123.565 125
150.032 79.6995 87.854
