102.814 199.834 112.834
87.5746  69.947 110.169
117.275  111.08 179.582
74.1763 131.682 136.583
111.426 206.856 120.428
120.211 179.432 127.579
120.418 152.363 151.172
120.843 130.242 157.617
 123.99  106.24 148.856
119.332  98.494 127.902
122.205 71.2259  136.11
77.2446 154.078  127.12
83.4602 170.705 109.618
78.0023 172.062 124.863
93.4974 175.374 152.431
118.238  165.56 160.292
90.5934 135.488 119.279
 91.831 151.815  114.98
88.9576 64.9051 131.547
111.849 61.7955 143.525
94.2928 95.4684 103.432
117.809 76.3167 115.785
102.877 126.357 94.4696
97.5856 177.146 104.368
84.0462 80.6547 154.164
72.5773 107.617 148.205
108.679  86.103 170.609
80.3006 120.507 165.948
84.4401 136.603 165.248
122.581 89.6596  155.67
122.282 176.195 100.745
118.222 149.264 110.594
79.2088  124.36 127.998
72.1482 140.494 113.172
89.4123  150.73 101.927
69.2821 109.915 133.887
 76.585 109.503 98.5973
67.6276 113.199 109.357
89.6465  170.99 116.374
 82.135 168.448 128.779
 86.315 111.403 136.187
110.248  54.847 115.834
90.9796 151.021 86.8815
113.298 80.0275 124.765
90.2203 124.073 160.246
115.091 109.583 161.844
98.3925 160.931 111.328
88.2337  131.52 114.836
91.9049  148.82 129.346
88.0229 121.445 98.7011
101.449 71.0526 113.062
87.5642 168.482 140.375
99.0597  185.55 138.655
105.184 163.624 159.942
74.2156 93.8787 144.925
98.2118 88.0098 160.812
92.4907 64.2942 127.581
101.042 71.5088 140.036
83.0703 81.5202 122.161
 86.488 96.6615 107.963
102.775 94.7831 111.067
86.4324  183.27 118.757
114.511 164.441 103.339
 101.87 178.548 106.025
111.264 82.5313 139.308
122.113 130.491 137.873
87.9134 108.448 162.881
84.8922 147.147 147.105
99.3706     134 170.542
118.581 181.123 109.038
118.538 97.1648 151.907
75.3223 109.726 107.131
75.3079 106.113 124.821
 79.415 118.211 124.092
106.675 80.7135 89.1886
   -nan    -nan    -nan
111.067 149.397 130.045
100.503 141.357 119.113
106.126 137.369 118.804
101.124 122.929 107.545
103.635 137.195 103.367
 118.75 152.427 114.364
   -nan    -nan    -nan
142.188 150.835 129.576
153.602 143.137 119.627
148.147 138.608  118.98
153.469 123.102 108.033
150.352 139.385 102.623
136.138  154.98 115.462
146.252 201.633 108.559
170.612  74.193 110.967
134.355 112.703  180.67
181.329 135.319  138.36
142.186 205.087 122.345
133.146 179.447  125.29
133.819  152.16 151.038
133.631 129.804 159.463
131.066 108.132 148.619
136.654 99.5304 128.065
134.264 69.5373 136.681
178.297 154.231 128.171
170.034 180.566 110.857
175.145 170.486 117.622
163.415 176.341 147.464
136.599 168.569 159.049
164.634 138.015 118.525
160.871 151.276 114.341
 167.41 70.3129 133.523
146.834 62.7068  144.06
158.404 95.6569 103.483
136.636 81.9501 116.745
147.827 127.615 95.3895
154.037 178.004 102.544
 173.85 90.3368 158.075
183.111 115.951 148.585
143.692 86.2014 171.381
169.605 120.548 168.456
165.956 133.398 170.813
 133.16 88.2149 156.296
130.564 176.315 100.066
131.954 153.531 113.194
174.308 127.495 127.891
183.585 136.527 118.179
162.689 150.139   102.8
186.999 114.205 135.876
176.193 118.155 94.7946
187.308  115.77 111.948
165.024  176.37 114.509
170.023 163.642 122.614
166.638 116.883  136.54
143.579 58.4369 114.453
159.783 151.266 86.4869
144.069  88.726 125.211
162.846  124.65 162.513
136.086 109.938  163.56
157.428 161.972 111.108
166.578 132.479 114.686
162.167 152.001 128.169
  165.2 120.257 97.2031
  152.7 73.9128 112.601
169.279 167.613 137.886
157.005 183.926 139.768
149.345 163.183 157.702
179.589 103.433 153.075
 156.44  92.877 163.387
161.959 64.9615 126.119
155.803 71.3823 147.166
175.457 84.7773 128.483
174.192  93.305 103.174
153.565 97.9218 110.713
166.192 189.284 119.355
138.559 167.012  103.91
150.683 179.207 105.029
144.751 83.7604  137.97
132.793 132.165 138.221
162.928 111.488 163.531
170.514 146.736 147.019
154.034 133.427 171.201
130.921 180.996 106.307
134.303 98.7427  152.24
179.829 115.303 105.291
175.882  104.63 129.613
178.528 122.683 126.994
148.318 81.9754 87.4579