103.292  207.29 107.974
89.6301 58.2109 104.428
120.657 109.009 183.443
69.5858 136.775  131.14
110.594 214.218 114.404
119.116 189.035 125.863
120.425 159.662 156.527
120.655 129.555 164.422
124.408 101.231 152.783
120.014 92.1326 123.306
122.169 57.0912 135.714
76.3968 159.043 132.287
79.1093 177.829 106.907
77.0373 178.863 120.498
91.7864  179.99 150.719
118.301 173.726 162.611
85.9106 140.442 115.014
86.7349 156.328 111.104
87.5472 57.3213   125.8
110.072 51.2838 139.737
90.8129 88.5825 97.7175
116.717 63.8719 109.143
102.999 125.851 90.4203
95.9955 180.509 99.0489
83.8037 74.4059 151.403
70.8414 109.167 149.367
 106.79 81.4029 172.365
 83.915 119.038 174.611
87.5077 137.604 171.198
121.693 83.0299 162.194
 120.21 181.725  97.961
 110.39 153.409 105.488
75.9299 130.193 120.366
69.8146 140.474  105.88
87.8395 156.306 92.4107
68.1332  107.58 131.176
73.6408  103.52 94.0422
66.0611 113.246 102.298
   84.8 180.697   114.5
81.6634 167.677 128.845
83.0212 111.789 134.001
105.499 44.0719 106.757
89.8537 147.239 74.3495
 111.52 68.8663 119.869
94.7618 121.618 169.811
115.264 103.928 167.529
92.9949 166.498 107.654
83.3698 136.587 108.807
89.0214 152.896 128.043
87.7164 116.106 87.7359
100.955 60.1108 107.612
88.1068 176.084 137.398
100.523 199.245 135.971
105.333 173.822 159.009
74.7593 90.7309 142.521
96.4276 83.8811 157.066
91.1805 54.7305 121.062
 101.63  59.484 134.946
80.5901 70.2694 114.015
81.4824 88.2474 102.318
99.9482 88.7787  103.44
88.1833 191.107 114.267
 110.45 167.191 98.8721
99.9711 185.191 102.256
114.015   74.41 139.472
122.372 111.869 130.886
89.9269 106.947 167.166
 83.732 150.003 150.354
99.1634 136.065 173.842
118.209 184.999 105.905
121.165 92.6875 157.813
74.1711 107.347 97.5356
76.9785 102.812 118.173
 74.375 123.029 117.627
102.794 81.8647 80.8873
   -nan    -nan    -nan
106.047  152.13 129.069
97.2225 144.108  117.78
102.713 140.147 115.297
98.4289 123.157 99.5662
98.0886 139.182 97.7013
  115.7 159.229 111.743
   -nan    -nan    -nan
147.914 155.027 128.327
155.889  146.21 116.846
150.279 141.017 115.966
152.523 121.644 102.708
153.128 139.942 97.7481
136.778 159.475 109.744
150.904 207.693  106.61
173.473 67.3117 106.822
131.087 109.853 181.804
185.124 136.108 133.174
145.362 213.891 120.995
135.361 188.307 125.329
134.761 159.519 155.338
132.925   132.9 167.027
128.558 105.217 153.471
131.719 92.0887 125.204
133.156 63.6245  138.05
179.068 157.189 131.219
175.013 173.245 107.484
180.965 174.196 120.889
166.632 178.885 150.399
137.098 174.709 162.119
166.057 142.647 114.072
165.994 158.414 110.597
171.056 61.7429 134.563
145.036 56.4777 148.033
159.427 88.6973 98.4623
138.799 72.1282 111.352
146.821 129.237 90.2945
157.123 183.809 100.457
178.373 82.5745 154.015
184.529 113.964 149.763
150.225 85.4799 178.071
 169.14 122.591  176.05
 166.77 136.633 173.811
132.947 82.9884  164.55
130.601   181.3 97.3794
 132.69 157.356 106.853
177.143 130.939 121.541
184.953 137.523 110.633
163.023 152.027 97.3318
185.725 113.827 136.945
178.165 104.217 95.1771
186.875 110.961 104.635
170.212 171.002 120.221
174.581 165.607 128.097
 169.33 117.482 136.242
148.271 47.5974 116.522
162.944 151.618  80.564
 144.05 75.7888 123.892
161.552 125.198  167.82
137.891 104.805  167.04
160.167 170.044 108.556
168.282 134.915 109.948
166.201 153.351 127.345
161.284 119.579 87.2381
154.844 64.4382 111.791
168.582 176.106 137.349
156.984 195.172 133.877
150.448  172.79 158.226
178.862 98.6906 150.014
158.424 86.4105 164.854
 166.24  59.641 126.174
  155.7 63.5731  140.08
177.365 73.9654 119.516
171.342 94.9626 97.7047
155.368 98.1738 103.137
171.601 186.265 115.941
139.685  167.35 100.003
152.964 185.367 102.694
141.175 78.8319  146.38
130.911 138.343  140.53
161.131 111.389 167.302
172.139  150.02 148.384
155.041 138.656 175.324
 131.94  181.76 104.042
130.759 94.0108 157.234
180.259 103.502 100.071
177.389 99.8484 124.296
179.994     125 119.445
147.759 79.9711  82.682